23
114
0 1
8.319145e-001 6.576150e-001 1.363701e+002 -3.158424e-001 9.222869e-001 -1.421013e+001 -6.512848e-004 -3.285651e-004 1.000000e+000
0.000000e+000 0.000000e+000 0.000000e+000 0.000000e+000 0.000000e+000 0.000000e+000 0.000000e+000 0.000000e+000 0.000000e+000
6.4516129032258063e-001
20
0
0 2
9.047940e-001 2.304971e-001 6.988847e+001 -1.066153e-001 9.954673e-001 -2.240610e+000 -2.183489e-004 -3.332379e-004 1.000000e+000
0.000000e+000 0.000000e+000 0.000000e+000 0.000000e+000 0.000000e+000 0.000000e+000 0.000000e+000 0.000000e+000 0.000000e+000
6.8589743589743590e-001
107
0
0 3
2.729008e+000 1.395111e+000 4.006539e+002 2.265593e-002 2.521001e+000 -6.299242e+002 1.111995e-003 2.684389e-003 1.000000e+000
0.000000e+000 0.000000e+000 0.000000e+000 0.000000e+000 0.000000e+000 0.000000e+000 0.000000e+000 0.000000e+000 0.000000e+000
7.3684210526315785e-001
14
0
0 16
8.457156e-001 -8.009193e-001 3.202975e+001 1.636579e-001 1.235258e+000 -6.642204e+001 5.891089e-004 4.471808e-004 1.000000e+000
0.000000e+000 0.000000e+000 0.000000e+000 0.000000e+000 0.000000e+000 0.000000e+000 0.000000e+000 0.000000e+000 0.000000e+000
6.8181818181818177e-001
15
0
0 17
9.856301e-001 -2.747627e-001 -1.008427e+001 4.719921e-002 1.146504e+000 -5.383365e+001 1.928115e-004 9.081726e-005 1.000000e+000
0.000000e+000 0.000000e+000 0.000000e+000 0.000000e+000 0.000000e+000 0.000000e+000 0.000000e+000 0.000000e+000 0.000000e+000
4.0540540540540543e-001
45
0
0 18
1.042257e+000 -1.721315e-001 -8.005136e+001 -3.957892e-002 7.609143e-001 -1.471511e+002 2.435531e-004 3.449173e-004 1.000000e+000
0.000000e+000 0.000000e+000 0.000000e+000 0.000000e+000 0.000000e+000 0.000000e+000 0.000000e+000 0.000000e+000 0.000000e+000
8.0645161290322576e-001
25
0
0 19
1.021862e+000 6.268943e-002 -2.927619e+001 4.853587e-002 1.646376e+000 -1.113823e+002 1.334189e-004 -2.138382e-004 1.000000e+000
0.000000e+000 0.000000e+000 0.000000e+000 0.000000e+000 0.000000e+000 0.000000e+000 0.000000e+000 0.000000e+000 0.000000e+000
4.4444444444444442e-001
24
0
0 20
1.097582e+000 4.316232e-001 1.532859e+001 -1.159063e-001 1.088930e+000 -9.030435e+001 -2.695336e-004 3.209450e-004 1.000000e+000
0.000000e+000 0.000000e+000 0.000000e+000 0.000000e+000 0.000000e+000 0.000000e+000 0.000000e+000 0.000000e+000 0.000000e+000
4.6341463414634149e-001
57
0
1 0
8.550027e-001 -6.544905e-001 -1.258972e+002 3.029137e-001 8.579027e-001 -2.911745e+001 6.563772e-004 -1.443829e-004 9.084381e-001
0.000000e+000 0.000000e+000 0.000000e+000 0.000000e+000 0.000000e+000 0.000000e+000 0.000000e+000 0.000000e+000 0.000000e+000
0.0000000000000000e+000
0
0
1 2
8.817389e-001 -5.025620e-001 -8.572457e+001 2.202051e-001 9.521032e-001 -1.861105e+001 3.849293e-004 -2.018686e-004 1.000000e+000
0.000000e+000 0.000000e+000 0.000000e+000 0.000000e+000 0.000000e+000 0.000000e+000 0.000000e+000 0.000000e+000 0.000000e+000
6.8253968253968256e-001
86
0
1 3
1.017263e+000 4.779836e-001 -8.313992e+001 -5.885397e-002 8.329046e-001 -1.558948e+002 -2.510228e-004 2.357673e-004 1.000000e+000
0.000000e+000 0.000000e+000 0.000000e+000 0.000000e+000 0.000000e+000 0.000000e+000 0.000000e+000 0.000000e+000 0.000000e+000
5.9493670886075944e-001
47
0
1 18
6.047649e-001 -1.503371e-001 -3.001749e+002 4.240650e-002 5.767069e-001 -1.459513e+002 -3.238952e-004 -3.321397e-004 1.000000e+000
0.000000e+000 0.000000e+000 0.000000e+000 0.000000e+000 0.000000e+000 0.000000e+000 0.000000e+000 0.000000e+000 0.000000e+000
7.8947368421052633e-001
15
0
1 20
1.040160e+000 -3.796818e-001 -1.719017e+002 1.628589e-001 9.673412e-001 -9.698773e+001 3.500102e-004 2.874589e-006 1.000000e+000
0.000000e+000 0.000000e+000 0.000000e+000 0.000000e+000 0.000000e+000 0.000000e+000 0.000000e+000 0.000000e+000 0.000000e+000
5.9322033898305082e-001
35
0
2 0
1.055543e+000 -2.693043e-001 -7.437366e+001 1.136534e-001 9.763106e-001 -5.755532e+000 2.683502e-004 2.665414e-004 9.818426e-001
0.000000e+000 0.000000e+000 0.000000e+000 0.000000e+000 0.000000e+000 0.000000e+000 0.000000e+000 0.000000e+000 0.000000e+000
0.0000000000000000e+000
0
0
2 1
9.621151e-001 5.274150e-001 9.229266e+001 -2.306702e-001 9.280178e-001 -2.502718e+000 -4.169114e-004 -1.567980e-005 9.639686e-001
0.000000e+000 0.000000e+000 0.000000e+000 0.000000e+000 0.000000e+000 0.000000e+000 0.000000e+000 0.000000e+000 0.000000e+000
0.0000000000000000e+000
0
0
2 3
1.004304e+000 8.245740e-001 2.665548e+001 -2.324602e-001 9.789373e-001 -1.773457e+002 -5.027595e-004 3.900590e-004 1.000000e+000
0.000000e+000 0.000000e+000 0.000000e+000 0.000000e+000 0.000000e+000 0.000000e+000 0.000000e+000 0.000000e+000 0.000000e+000
7.6923076923076927e-001
20
0
2 16
9.891808e-001 -9.567897e-001 -7.335350e+001 3.405358e-001 1.314209e+000 -1.251001e+002 6.475487e-004 4.787630e-004 1.000000e+000
0.000000e+000 0.000000e+000 0.000000e+000 0.000000e+000 0.000000e+000 0.000000e+000 0.000000e+000 0.000000e+000 0.000000e+000
8.1250000000000000e-001
13
0
2 17
9.940848e-001 -4.287559e-001 -7.478635e+001 1.616587e-001 1.166998e+000 -6.614485e+001 4.894781e-004 2.384271e-004 1.000000e+000
0.000000e+000 0.000000e+000 0.000000e+000 0.000000e+000 0.000000e+000 0.000000e+000 0.000000e+000 0.000000e+000 0.000000e+000
5.0000000000000000e-001
25
0
2 18
1.838764e+000 -3.725394e-001 -3.768297e+002 3.209044e-001 1.377182e+000 -3.423001e+002 1.218578e-003 1.991345e-003 1.000000e+000
0.000000e+000 0.000000e+000 0.000000e+000 0.000000e+000 0.000000e+000 0.000000e+000 0.000000e+000 0.000000e+000 0.000000e+000
8.0769230769230771e-001
21
0
2 19
1.121644e+000 -2.204786e-001 -1.165054e+002 6.976656e-002 1.525487e+000 -6.537237e+001 3.540015e-004 6.616021e-005 1.000000e+000
0.000000e+000 0.000000e+000 0.000000e+000 0.000000e+000 0.000000e+000 0.000000e+000 0.000000e+000 0.000000e+000 0.000000e+000
5.3333333333333333e-001
16
0
2 20
1.257144e+000 1.475090e-001 -7.804745e+001 -3.215302e-002 1.093351e+000 -8.404776e+001 7.740487e-005 6.679945e-004 1.000000e+000
0.000000e+000 0.000000e+000 0.000000e+000 0.000000e+000 0.000000e+000 0.000000e+000 0.000000e+000 0.000000e+000 0.000000e+000
6.5277777777777779e-001
94
0
3 0
4.487097e-001 -3.404771e-002 -2.012248e+002 -7.703648e-002 2.432645e-001 1.841032e+002 -2.921670e-004 -6.151557e-004 7.295564e-001
0.000000e+000 0.000000e+000 0.000000e+000 0.000000e+000 0.000000e+000 0.000000e+000 0.000000e+000 0.000000e+000 0.000000e+000
0.0000000000000000e+000
0
0
3 1
9.501568e-001 -5.436427e-001 -5.755141e+000 1.070570e-001 1.088621e+000 1.786112e+002 2.132705e-004 -3.931281e-004 9.564446e-001
0.000000e+000 0.000000e+000 0.000000e+000 0.000000e+000 0.000000e+000 0.000000e+000 0.000000e+000 0.000000e+000 0.000000e+000
0.0000000000000000e+000
0
0
3 2
7.889281e-001 -6.128416e-001 -1.297141e+002 2.420895e-001 7.660402e-001 1.294009e+002 3.022119e-004 -6.069128e-004 8.843110e-001
0.000000e+000 0.000000e+000 0.000000e+000 0.000000e+000 0.000000e+000 0.000000e+000 0.000000e+000 0.000000e+000 0.000000e+000
0.0000000000000000e+000
0
0
3 5
1.086393e+000 7.973131e-001 1.659938e+002 -2.117633e-001 1.381806e+000 1.068700e+002 -5.300217e-004 -1.737753e-004 1.000000e+000
0.000000e+000 0.000000e+000 0.000000e+000 0.000000e+000 0.000000e+000 0.000000e+000 0.000000e+000 0.000000e+000 0.000000e+000
8.0769230769230771e-001
21
0
3 17
7.699954e-001 -5.841909e-001 -3.385162e+002 -1.111877e-001 7.516652e-001 2.714776e+002 -2.102022e-004 3.460173e-004 1.000000e+000
0.000000e+000 0.000000e+000 0.000000e+000 0.000000e+000 0.000000e+000 0.000000e+000 0.000000e+000 0.000000e+000 0.000000e+000
7.2222222222222221e-001
13
0
3 18
7.012371e-001 -4.856758e-001 -3.876293e+002 2.036409e-001 9.933514e-001 -1.145473e+002 5.610022e-004 -1.019885e-003 1.000000e+000
0.000000e+000 0.000000e+000 0.000000e+000 0.000000e+000 0.000000e+000 0.000000e+000 0.000000e+000 0.000000e+000 0.000000e+000
8.4615384615384615e-001
22
0
3 20
1.017466e+000 -8.518180e-001 -1.839731e+002 2.986685e-001 1.064623e+000 6.923321e+001 7.423921e-004 -4.431586e-004 1.000000e+000
0.000000e+000 0.000000e+000 0.000000e+000 0.000000e+000 0.000000e+000 0.000000e+000 0.000000e+000 0.000000e+000 0.000000e+000
7.8260869565217395e-001
18
0
4 5
1.035055e+000 -1.004201e-001 -7.427742e+001 9.609326e-002 1.328086e+000 -5.213843e+000 1.519671e-004 -9.625506e-005 1.000000e+000
0.000000e+000 0.000000e+000 0.000000e+000 0.000000e+000 0.000000e+000 0.000000e+000 0.000000e+000 0.000000e+000 0.000000e+000
6.6964285714285710e-001
75
0
4 6
1.049352e+000 4.475329e-001 6.388084e+001 -1.259952e-001 1.107655e+000 -5.768702e+001 -2.931588e-004 1.852403e-004 1.000000e+000
0.000000e+000 0.000000e+000 0.000000e+000 0.000000e+000 0.000000e+000 0.000000e+000 0.000000e+000 0.000000e+000 0.000000e+000
4.9411764705882355e-001
42
0
4 12
2.351610e-002 2.765922e+000 2.724447e+002 -9.960553e-001 7.038278e-002 -4.750970e+001 -1.570373e-003 -3.136837e-003 1.000000e+000
0.000000e+000 0.000000e+000 0.000000e+000 0.000000e+000 0.000000e+000 0.000000e+000 0.000000e+000 0.000000e+000 0.000000e+000
8.5714285714285710e-001
18
0
5 3
7.899602e-001 -4.660405e-001 -8.132277e+001 8.750395e-002 6.624700e-001 -8.532326e+001 4.339021e-004 -1.318906e-004 9.420701e-001
0.000000e+000 0.000000e+000 0.000000e+000 0.000000e+000 0.000000e+000 0.000000e+000 0.000000e+000 0.000000e+000 0.000000e+000
0.0000000000000000e+000
0
0
5 4
9.485930e-001 7.686129e-002 7.085979e+001 -6.922725e-002 7.476387e-001 -1.243951e+000 -1.508184e-004 6.028362e-005 9.891119e-001
0.000000e+000 0.000000e+000 0.000000e+000 0.000000e+000 0.000000e+000 0.000000e+000 0.000000e+000 0.000000e+000 0.000000e+000
0.0000000000000000e+000
0
0
5 6
9.936486e-001 4.535071e-001 1.431839e+002 -1.904241e-001 8.333843e-001 -6.853428e+001 -4.451007e-004 2.248550e-004 1.000000e+000
0.000000e+000 0.000000e+000 0.000000e+000 0.000000e+000 0.000000e+000 0.000000e+000 0.000000e+000 0.000000e+000 0.000000e+000
6.8571428571428572e-001
24
0
5 10
8.227429e-002 1.633883e+000 2.432774e+002 -1.284252e+000 -3.978226e-002 -2.619159e+001 -1.721145e-004 -1.766530e-004 1.000000e+000
0.000000e+000 0.000000e+000 0.000000e+000 0.000000e+000 0.000000e+000 0.000000e+000 0.000000e+000 0.000000e+000 0.000000e+000
7.8947368421052633e-001
15
0
5 11
5.829984e-001 6.138991e+000 1.078457e+003 -2.556171e+000 2.001300e+000 3.330333e+002 -2.003713e-003 -7.093049e-003 1.000000e+000
0.000000e+000 0.000000e+000 0.000000e+000 0.000000e+000 0.000000e+000 0.000000e+000 0.000000e+000 0.000000e+000 0.000000e+000
6.8750000000000000e-001
11
0
5 12
-2.982030e-001 2.287785e+000 2.985883e+002 -1.127767e+000 -1.082193e-001 -1.380918e+002 -1.413168e-003 -2.510806e-003 1.000000e+000
0.000000e+000 0.000000e+000 0.000000e+000 0.000000e+000 0.000000e+000 0.000000e+000 0.000000e+000 0.000000e+000 0.000000e+000
9.2857142857142860e-001
39
0
6 4
8.898735e-001 -3.466899e-001 -7.684537e+001 1.137121e-001 8.498799e-001 4.176301e+001 2.398102e-004 -2.590672e-004 9.697359e-001
0.000000e+000 0.000000e+000 0.000000e+000 0.000000e+000 0.000000e+000 0.000000e+000 0.000000e+000 0.000000e+000 0.000000e+000
0.0000000000000000e+000
0
0
6 5
8.568679e-001 -4.253188e-001 -1.518386e+002 2.230301e-001 1.067437e+000 4.122171e+001 3.312431e-004 -4.293282e-004 9.231476e-001
0.000000e+000 0.000000e+000 0.000000e+000 0.000000e+000 0.000000e+000 0.000000e+000 0.000000e+000 0.000000e+000 0.000000e+000
0.0000000000000000e+000
0
0
6 7
1.032614e+000 6.559917e-001 5.956750e+001 -1.653949e-001 1.108155e+000 1.133548e+002 -3.351227e-004 -2.295462e-004 1.000000e+000
0.000000e+000 0.000000e+000 0.000000e+000 0.000000e+000 0.000000e+000 0.000000e+000 0.000000e+000 0.000000e+000 0.000000e+000
4.1463414634146339e-001
17
0
6 8
7.549393e-001 3.298099e-001 1.090142e+002 -5.018869e-002 6.955543e-001 -2.628500e+001 -5.331449e-005 -2.127265e-004 1.000000e+000
0.000000e+000 0.000000e+000 0.000000e+000 0.000000e+000 0.000000e+000 0.000000e+000 0.000000e+000 0.000000e+000 0.000000e+000
7.8260869565217395e-001
18
0
7 6
8.866798e-001 -5.235336e-001 6.527722e+000 9.960491e-002 8.228873e-001 -9.921140e+001 3.200105e-004 1.344265e-005 9.794140e-001
0.000000e+000 0.000000e+000 0.000000e+000 0.000000e+000 0.000000e+000 0.000000e+000 0.000000e+000 0.000000e+000 0.000000e+000
0.0000000000000000e+000
0
0
7 8
9.939758e-001 2.198549e-001 -5.183181e+001 -3.031776e-002 6.735705e-001 -9.088551e+001 -9.129964e-005 3.281368e-004 1.000000e+000
0.000000e+000 0.000000e+000 0.000000e+000 0.000000e+000 0.000000e+000 0.000000e+000 0.000000e+000 0.000000e+000 0.000000e+000
7.3333333333333328e-001
22
0
7 9
9.029438e-001 5.139441e-001 4.646199e+001 -1.319412e-001 8.888487e-001 -6.359403e+001 -3.774298e-004 -7.400085e-005 1.000000e+000
0.000000e+000 0.000000e+000 0.000000e+000 0.000000e+000 0.000000e+000 0.000000e+000 0.000000e+000 0.000000e+000 0.000000e+000
6.1111111111111116e-001
22
0
7 11
0.000000e+000 0.000000e+000 0.000000e+000 0.000000e+000 0.000000e+000 0.000000e+000 0.000000e+000 0.000000e+000 0.000000e+000
0.000000e+000 0.000000e+000 0.000000e+000 0.000000e+000 0.000000e+000 0.000000e+000 0.000000e+000 0.000000e+000 0.000000e+000
0.0000000000000000e+000
0
0
8 6
1.270412e+000 -6.499709e-001 -1.555775e+002 9.499157e-002 1.400754e+000 2.646339e+001 8.793862e-005 2.633245e-004 9.973349e-001
0.000000e+000 0.000000e+000 0.000000e+000 0.000000e+000 0.000000e+000 0.000000e+000 0.000000e+000 0.000000e+000 0.000000e+000
0.0000000000000000e+000
0
0
8 7
9.977580e-001 -3.359880e-001 2.117917e+001 5.477588e-002 1.403234e+000 1.303728e+002 7.312096e-005 -4.911283e-004 9.591535e-001
0.000000e+000 0.000000e+000 0.000000e+000 0.000000e+000 0.000000e+000 0.000000e+000 0.000000e+000 0.000000e+000 0.000000e+000
0.0000000000000000e+000
0
0
8 9
1.020264e+000 1.066535e-001 1.965589e+002 -9.244837e-002 9.971353e-001 1.325519e+002 -3.858946e-004 -4.372221e-004 1.000000e+000
0.000000e+000 0.000000e+000 0.000000e+000 0.000000e+000 0.000000e+000 0.000000e+000 0.000000e+000 0.000000e+000 0.000000e+000
6.8888888888888888e-001
31
0
9 7
9.884012e-001 -5.783923e-001 -8.270538e+001 1.743325e-001 1.029023e+000 5.733991e+001 3.859528e-004 -1.421539e-004 9.730277e-001
0.000000e+000 0.000000e+000 0.000000e+000 0.000000e+000 0.000000e+000 0.000000e+000 0.000000e+000 0.000000e+000 0.000000e+000
0.0000000000000000e+000
0
0
9 8
9.060815e-001 -1.653937e-001 -1.561751e+002 3.546498e-002 9.413129e-001 -1.317437e+002 3.651580e-004 3.477382e-004 8.821316e-001
0.000000e+000 0.000000e+000 0.000000e+000 0.000000e+000 0.000000e+000 0.000000e+000 0.000000e+000 0.000000e+000 0.000000e+000
0.0000000000000000e+000
0
0
9 10
1.027505e+000 1.271568e-001 1.872168e+002 -1.433494e-001 1.064190e+000 9.447263e+001 -2.574238e-004 -8.402498e-005 1.000000e+000
0.000000e+000 0.000000e+000 0.000000e+000 0.000000e+000 0.000000e+000 0.000000e+000 0.000000e+000 0.000000e+000 0.000000e+000
6.9999999999999996e-001
42
0
9 11
9.747704e-001 2.602922e-001 3.509052e+002 -2.759460e-001 9.840814e-001 8.965100e+001 -3.929223e-004 -3.144650e-004 1.000000e+000
0.000000e+000 0.000000e+000 0.000000e+000 0.000000e+000 0.000000e+000 0.000000e+000 0.000000e+000 0.000000e+000 0.000000e+000
7.8000000000000003e-001
39
0
9 12
9.557072e-001 4.765467e-001 4.753208e+002 -4.131757e-001 1.028833e+000 7.153896e+001 -4.459395e-004 -2.375603e-004 1.000000e+000
0.000000e+000 0.000000e+000 0.000000e+000 0.000000e+000 0.000000e+000 0.000000e+000 0.000000e+000 0.000000e+000 0.000000e+000
7.1999999999999997e-001
18
0
10 5
-2.060215e-002 -7.779241e-001 -1.536304e+001 5.978784e-001 5.759343e-002 -1.439418e+002 1.020711e-004 -1.237179e-004 9.719280e-001
0.000000e+000 0.000000e+000 0.000000e+000 0.000000e+000 0.000000e+000 0.000000e+000 0.000000e+000 0.000000e+000 0.000000e+000
0.0000000000000000e+000
0
0
10 9
9.161174e-001 -1.220954e-001 -1.599779e+002 1.017093e-001 9.191693e-001 -1.058780e+002 2.443766e-004 4.580290e-005 9.499215e-001
0.000000e+000 0.000000e+000 0.000000e+000 0.000000e+000 0.000000e+000 0.000000e+000 0.000000e+000 0.000000e+000 0.000000e+000
0.0000000000000000e+000
0
0
10 11
1.021002e+000 1.599848e-001 1.459819e+002 -1.578473e-001 1.066733e+000 -1.903419e+000 -2.568354e-004 1.986872e-005 1.000000e+000
0.000000e+000 0.000000e+000 0.000000e+000 0.000000e+000 0.000000e+000 0.000000e+000 0.000000e+000 0.000000e+000 0.000000e+000
5.2517985611510787e-001
73
0
10 12
1.103710e+000 4.289229e-001 2.469449e+002 -2.784575e-001 1.223394e+000 -1.198765e+001 -2.580599e-004 3.006029e-004 1.000000e+000
0.000000e+000 0.000000e+000 0.000000e+000 0.000000e+000 0.000000e+000 0.000000e+000 0.000000e+000 0.000000e+000 0.000000e+000
5.0980392156862742e-001
26
0
10 13
1.062010e+000 6.941711e-001 1.357251e+002 -4.746558e-001 1.467096e+000 -7.748224e+001 -4.200257e-004 -2.747436e-004 1.000000e+000
0.000000e+000 0.000000e+000 0.000000e+000 0.000000e+000 0.000000e+000 0.000000e+000 0.000000e+000 0.000000e+000 0.000000e+000
4.6428571428571430e-001
13
0
11 5
1.147756e-001 -3.626858e-001 -2.994053e+000 4.968369e-002 7.217440e-002 -7.761819e+001 5.823862e-004 -2.147817e-004 4.434511e-001
0.000000e+000 0.000000e+000 0.000000e+000 0.000000e+000 0.000000e+000 0.000000e+000 0.000000e+000 0.000000e+000 0.000000e+000
0.0000000000000000e+000
0
0
11 7
0.000000e+000 0.000000e+000 0.000000e+000 0.000000e+000 0.000000e+000 0.000000e+000 0.000000e+000 0.000000e+000 0.000000e+000
0.000000e+000 0.000000e+000 0.000000e+000 0.000000e+000 0.000000e+000 0.000000e+000 0.000000e+000 0.000000e+000 0.000000e+000
0.0000000000000000e+000
0
0
11 9
8.327868e-001 -3.049213e-001 -2.648927e+002 1.980379e-001 9.153646e-001 -1.515559e+002 3.894965e-004 1.680397e-004 8.482587e-001
0.000000e+000 0.000000e+000 0.000000e+000 0.000000e+000 0.000000e+000 0.000000e+000 0.000000e+000 0.000000e+000 0.000000e+000
0.0000000000000000e+000
0
0
11 10
9.243766e-001 -1.361164e-001 -1.352014e+002 1.372012e-001 9.172050e-001 -1.828306e+001 2.346866e-004 -5.318320e-005 9.656388e-001
0.000000e+000 0.000000e+000 0.000000e+000 0.000000e+000 0.000000e+000 0.000000e+000 0.000000e+000 0.000000e+000 0.000000e+000
0.0000000000000000e+000
0
0
11 12
1.048770e+000 4.060992e-001 1.890976e+001 -1.472644e-001 1.017109e+000 1.259023e+001 -2.306306e-004 -1.468093e-004 1.000000e+000
0.000000e+000 0.000000e+000 0.000000e+000 0.000000e+000 0.000000e+000 0.000000e+000 0.000000e+000 0.000000e+000 0.000000e+000
5.5652173913043479e-001
64
0
11 13
1.102942e+000 3.516453e-001 5.948494e+001 -2.447160e-001 1.376371e+000 -7.627420e+000 -1.976255e-004 -1.693193e-004 1.000000e+000
0.000000e+000 0.000000e+000 0.000000e+000 0.000000e+000 0.000000e+000 0.000000e+000 0.000000e+000 0.000000e+000 0.000000e+000
4.0845070422535212e-001
29
0
12 4
-2.047641e-002 -9.426326e-001 -3.920550e+001 2.787548e-001 1.175138e-001 -7.036225e+001 8.422529e-004 -1.111664e-003 7.177178e-001
0.000000e+000 0.000000e+000 0.000000e+000 0.000000e+000 0.000000e+000 0.000000e+000 0.000000e+000 0.000000e+000 0.000000e+000
0.0000000000000000e+000
0
0
12 5
-1.148253e-001 -7.666482e-001 -7.158237e+001 3.338982e-001 3.123466e-002 -9.538486e+001 6.760861e-004 -1.004979e-003 6.593492e-001
0.000000e+000 0.000000e+000 0.000000e+000 0.000000e+000 0.000000e+000 0.000000e+000 0.000000e+000 0.000000e+000 0.000000e+000
0.0000000000000000e+000
0
0
12 9
7.232906e-001 -4.076709e-001 -3.146307e+002 2.636873e-001 8.075569e-001 -1.831078e+002 3.851855e-004 1.004693e-005 8.161946e-001
0.000000e+000 0.000000e+000 0.000000e+000 0.000000e+000 0.000000e+000 0.000000e+000 0.000000e+000 0.000000e+000 0.000000e+000
0.0000000000000000e+000
0
0
12 10
8.007525e-001 -2.314752e-001 -2.005166e+002 1.837434e-001 7.618827e-001 -3.624131e+001 1.514083e-004 -2.887586e-004 9.591490e-001
0.000000e+000 0.000000e+000 0.000000e+000 0.000000e+000 0.000000e+000 0.000000e+000 0.000000e+000 0.000000e+000 0.000000e+000
0.0000000000000000e+000
0
0
12 11
9.000425e-001 -3.611586e-001 -1.247252e+001 1.275134e-001 9.302284e-001 -1.412304e+001 2.262975e-004 5.327197e-005 9.950501e-001
0.000000e+000 0.000000e+000 0.000000e+000 0.000000e+000 0.000000e+000 0.000000e+000 0.000000e+000 0.000000e+000 0.000000e+000
0.0000000000000000e+000
0
0
12 13
1.086172e+000 -5.462160e-002 5.648329e+001 2.399014e-002 1.417568e+000 1.369611e+001 1.498568e-005 -4.096780e-005 1.000000e+000
0.000000e+000 0.000000e+000 0.000000e+000 0.000000e+000 0.000000e+000 0.000000e+000 0.000000e+000 0.000000e+000 0.000000e+000
5.9574468085106380e-001
28
0
13 10
7.269449e-001 -3.677746e-001 -1.271607e+002 2.550177e-001 5.626365e-001 8.982024e+000 3.754000e-004 1.059798e-007 9.490570e-001
0.000000e+000 0.000000e+000 0.000000e+000 0.000000e+000 0.000000e+000 0.000000e+000 0.000000e+000 0.000000e+000 0.000000e+000
0.0000000000000000e+000
0
0
13 11
8.478406e-001 -2.230261e-001 -5.213486e+001 1.518153e-001 6.872954e-001 -3.788435e+000 1.932602e-004 7.229677e-005 9.890554e-001
0.000000e+000 0.000000e+000 0.000000e+000 0.000000e+000 0.000000e+000 0.000000e+000 0.000000e+000 0.000000e+000 0.000000e+000
0.0000000000000000e+000
0
0
13 12
9.206381e-001 3.395767e-002 -5.246576e+001 -1.544096e-002 7.045847e-001 -8.777914e+000 -1.442897e-005 2.835641e-005 1.000427e+000
0.000000e+000 0.000000e+000 0.000000e+000 0.000000e+000 0.000000e+000 0.000000e+000 0.000000e+000 0.000000e+000 0.000000e+000
0.0000000000000000e+000
0
0
14 15
9.819928e-001 2.727471e-001 -1.129303e+002 -2.592097e-001 8.887254e-001 -1.273760e+002 -5.473233e-005 2.531412e-004 1.000000e+000
0.000000e+000 0.000000e+000 0.000000e+000 0.000000e+000 0.000000e+000 0.000000e+000 0.000000e+000 0.000000e+000 0.000000e+000
5.9459459459459463e-001
44
0
14 16
4.019794e-001 1.001002e+000 -1.576712e+002 -2.889327e-001 5.201540e-001 -6.827752e+001 -3.377906e-004 -1.212143e-003 1.000000e+000
0.000000e+000 0.000000e+000 0.000000e+000 0.000000e+000 0.000000e+000 0.000000e+000 0.000000e+000 0.000000e+000 0.000000e+000
5.6521739130434778e-001
13
0
15 14
9.408184e-001 -3.078288e-001 6.703685e+001 2.719181e-001 9.968427e-001 1.576817e+002 -1.734048e-005 -2.691901e-004 9.637534e-001
0.000000e+000 0.000000e+000 0.000000e+000 0.000000e+000 0.000000e+000 0.000000e+000 0.000000e+000 0.000000e+000 0.000000e+000
0.0000000000000000e+000
0
0
15 16
9.986879e-001 1.824703e-001 2.245261e+002 -1.152637e-001 9.192198e-001 1.790152e+001 -5.494436e-004 -4.504880e-004 1.000000e+000
0.000000e+000 0.000000e+000 0.000000e+000 0.000000e+000 0.000000e+000 0.000000e+000 0.000000e+000 0.000000e+000 0.000000e+000
6.9565217391304346e-001
16
0
16 0
1.044344e+000 6.730588e-001 1.125587e+001 -1.674202e-001 6.826391e-001 5.070471e+001 -5.403651e-004 -7.017680e-004 9.706949e-001
0.000000e+000 0.000000e+000 0.000000e+000 0.000000e+000 0.000000e+000 0.000000e+000 0.000000e+000 0.000000e+000 0.000000e+000
0.0000000000000000e+000
0
0
16 2
7.579036e-001 5.083593e-001 1.191907e+002 -2.325081e-001 5.717945e-001 5.447627e+001 -3.794632e-004 -6.029415e-004 8.967370e-001
0.000000e+000 0.000000e+000 0.000000e+000 0.000000e+000 0.000000e+000 0.000000e+000 0.000000e+000 0.000000e+000 0.000000e+000
0.0000000000000000e+000
0
0
16 14
1.079427e+000 -1.998686e+000 3.372928e+001 7.699671e-001 8.605956e-001 1.801610e+002 1.297931e-003 3.680277e-004 1.229774e+000
0.000000e+000 0.000000e+000 0.000000e+000 0.000000e+000 0.000000e+000 0.000000e+000 0.000000e+000 0.000000e+000 0.000000e+000
0.0000000000000000e+000
0
0
16 15
8.663272e-001 -2.649725e-001 -1.897697e+002 9.849733e-002 1.048292e+000 -4.088124e+001 5.203698e-004 3.266555e-004 8.773158e-001
0.000000e+000 0.000000e+000 0.000000e+000 0.000000e+000 0.000000e+000 0.000000e+000 0.000000e+000 0.000000e+000 0.000000e+000
0.0000000000000000e+000
0
0
16 17
1.128730e+000 3.357811e-001 5.891713e+001 -1.982145e-001 9.948783e-001 7.123762e+000 -4.859702e-004 -1.871814e-005 1.000000e+000
0.000000e+000 0.000000e+000 0.000000e+000 0.000000e+000 0.000000e+000 0.000000e+000 0.000000e+000 0.000000e+000 0.000000e+000
5.0000000000000000e-001
39
0
16 18
8.112966e-001 7.701616e-002 3.179027e+001 3.306876e-002 8.002589e-001 -1.407444e+002 2.046599e-005 2.670702e-005 1.000000e+000
0.000000e+000 0.000000e+000 0.000000e+000 0.000000e+000 0.000000e+000 0.000000e+000 0.000000e+000 0.000000e+000 0.000000e+000
7.7272727272727271e-001
17
0
16 19
8.497530e-001 1.267730e+000 4.442392e+001 -3.355856e-001 1.162364e+000 2.362780e+001 -7.018125e-004 2.765353e-003 1.000000e+000
0.000000e+000 0.000000e+000 0.000000e+000 0.000000e+000 0.000000e+000 0.000000e+000 0.000000e+000 0.000000e+000 0.000000e+000
5.3846153846153844e-001
14
0
16 20
5.897190e-001 8.255677e-002 2.053105e+002 -2.138076e-001 6.154185e-001 -1.693728e+001 -5.703258e-004 -9.182921e-004 1.000000e+000
0.000000e+000 0.000000e+000 0.000000e+000 0.000000e+000 0.000000e+000 0.000000e+000 0.000000e+000 0.000000e+000 0.000000e+000
7.8947368421052633e-001
15
0
17 0
9.987326e-001 2.375382e-001 2.285904e+001 -4.994470e-002 8.566342e-001 4.561209e+001 -1.880313e-004 -1.235973e-004 9.914501e-001
0.000000e+000 0.000000e+000 0.000000e+000 0.000000e+000 0.000000e+000 0.000000e+000 0.000000e+000 0.000000e+000 0.000000e+000
0.0000000000000000e+000
0
0
17 2
9.106605e-001 3.163874e-001 8.903237e+001 -1.493954e-001 7.935702e-001 4.131784e+001 -4.101285e-004 -3.440734e-004 9.465693e-001
0.000000e+000 0.000000e+000 0.000000e+000 0.000000e+000 0.000000e+000 0.000000e+000 0.000000e+000 0.000000e+000 0.000000e+000
0.0000000000000000e+000
0
0
17 3
1.514220e+000 1.075259e+000 2.206794e+002 1.246004e-001 1.608862e+000 -3.945908e+002 2.751786e-004 -3.306722e-004 1.182923e+000
0.000000e+000 0.000000e+000 0.000000e+000 0.000000e+000 0.000000e+000 0.000000e+000 0.000000e+000 0.000000e+000 0.000000e+000
0.0000000000000000e+000
0
0
17 16
8.174609e-001 -2.767700e-001 -4.619081e+001 1.600008e-001 9.508414e-001 -1.620035e+001 4.002566e-004 -1.167040e-004 9.772494e-001
0.000000e+000 0.000000e+000 0.000000e+000 0.000000e+000 0.000000e+000 0.000000e+000 0.000000e+000 0.000000e+000 0.000000e+000
0.0000000000000000e+000
0
0
17 18
1.196406e+000 5.839050e-003 -7.754245e+001 1.751222e-001 1.075427e+000 -2.027370e+002 4.204903e-004 1.037691e-003 1.000000e+000
0.000000e+000 0.000000e+000 0.000000e+000 0.000000e+000 0.000000e+000 0.000000e+000 0.000000e+000 0.000000e+000 0.000000e+000
7.6666666666666672e-001
23
0
17 19
1.023732e+000 3.392138e-001 -3.483811e+000 -1.450277e-001 1.298357e+000 6.834367e+000 -8.455113e-005 -2.212290e-004 1.000000e+000
0.000000e+000 0.000000e+000 0.000000e+000 0.000000e+000 0.000000e+000 0.000000e+000 0.000000e+000 0.000000e+000 0.000000e+000
5.4430379746835444e-001
43
0
17 20
9.483670e-001 2.940454e-001 1.076452e+002 -1.004988e-001 1.111476e+000 -6.113647e+001 -3.628956e-004 3.589617e-004 1.000000e+000
0.000000e+000 0.000000e+000 0.000000e+000 0.000000e+000 0.000000e+000 0.000000e+000 0.000000e+000 0.000000e+000 0.000000e+000
4.2592592592592593e-001
23
0
18 0
9.424290e-001 1.678027e-001 1.001351e+002 4.342296e-003 1.232802e+000 1.817558e+002 -2.310293e-004 -4.660836e-004 9.129211e-001
0.000000e+000 0.000000e+000 0.000000e+000 0.000000e+000 0.000000e+000 0.000000e+000 0.000000e+000 0.000000e+000 0.000000e+000
0.0000000000000000e+000
0
0
18 1
1.979272e+000 9.368852e-001 7.308676e+002 1.823450e-002 1.901744e+000 2.830356e+002 6.471333e-004 9.350972e-004 1.330732e+000
0.000000e+000 0.000000e+000 0.000000e+000 0.000000e+000 0.000000e+000 0.000000e+000 0.000000e+000 0.000000e+000 0.000000e+000
0.0000000000000000e+000
0
0
18 2
4.624256e-001 -8.486972e-002 1.452048e+002 -1.657655e-001 5.161385e-001 1.142089e+002 -2.334055e-004 -9.243893e-004 5.956273e-001
0.000000e+000 0.000000e+000 0.000000e+000 0.000000e+000 0.000000e+000 0.000000e+000 0.000000e+000 0.000000e+000 0.000000e+000
0.0000000000000000e+000
0
0
18 3
8.417711e-001 8.460797e-001 4.232112e+002 -2.572796e-001 8.822705e-001 1.332571e+000 -7.346309e-004 4.251616e-004 7.639366e-001
0.000000e+000 0.000000e+000 0.000000e+000 0.000000e+000 0.000000e+000 0.000000e+000 0.000000e+000 0.000000e+000 0.000000e+000
0.0000000000000000e+000
0
0
18 16
1.238788e+000 -1.173543e-001 -5.589839e+001 -5.538869e-002 1.249001e+000 1.775507e+002 -2.387377e-005 -3.095531e-005 9.964022e-001
0.000000e+000 0.000000e+000 0.000000e+000 0.000000e+000 0.000000e+000 0.000000e+000 0.000000e+000 0.000000e+000 0.000000e+000
0.0000000000000000e+000
0
0
18 17
8.253986e-001 -5.540134e-002 5.277153e+001 -1.671404e-001 7.889414e-001 1.469871e+002 -1.736320e-004 -7.953816e-004 8.252829e-001
0.000000e+000 0.000000e+000 0.000000e+000 0.000000e+000 0.000000e+000 0.000000e+000 0.000000e+000 0.000000e+000 0.000000e+000
0.0000000000000000e+000
0
0
18 20
8.947144e-001 2.136563e-001 2.097468e+002 -2.537620e-001 1.171658e+000 1.225027e+002 -4.884908e-004 -3.662942e-004 1.000000e+000
0.000000e+000 0.000000e+000 0.000000e+000 0.000000e+000 0.000000e+000 0.000000e+000 0.000000e+000 0.000000e+000 0.000000e+000
8.1818181818181823e-001
18
0
19 0
9.769790e-001 -3.397722e-002 2.481776e+001 -3.817240e-002 6.176384e-001 6.767647e+001 -1.385102e-004 1.366079e-004 1.011161e+000
0.000000e+000 0.000000e+000 0.000000e+000 0.000000e+000 0.000000e+000 0.000000e+000 0.000000e+000 0.000000e+000 0.000000e+000
0.0000000000000000e+000
0
0
19 2
8.504781e-001 1.182869e-001 1.068180e+002 -5.165121e-002 6.464915e-001 3.624504e+001 -2.976532e-004 -8.464576e-005 9.597883e-001
0.000000e+000 0.000000e+000 0.000000e+000 0.000000e+000 0.000000e+000 0.000000e+000 0.000000e+000 0.000000e+000 0.000000e+000
0.0000000000000000e+000
0
0
19 16
8.238250e-001 -8.597643e-001 -1.628319e+001 2.395597e-001 6.615462e-001 -2.627306e+001 -8.429654e-005 -2.432802e-003 1.061227e+000
0.000000e+000 0.000000e+000 0.000000e+000 0.000000e+000 0.000000e+000 0.000000e+000 0.000000e+000 0.000000e+000 0.000000e+000
0.0000000000000000e+000
0
0
19 17
9.424651e-001 -2.453868e-001 4.960434e+000 1.047328e-001 7.420393e-001 -4.706499e+000 1.028564e-004 1.434129e-004 9.993782e-001
0.000000e+000 0.000000e+000 0.000000e+000 0.000000e+000 0.000000e+000 0.000000e+000 0.000000e+000 0.000000e+000 0.000000e+000
0.0000000000000000e+000
0
0
19 20
1.110194e+000 1.925703e-001 6.387674e+001 -6.357829e-002 7.293505e-001 -4.725418e+001 -2.740547e-004 2.762891e-004 1.000000e+000
0.000000e+000 0.000000e+000 0.000000e+000 0.000000e+000 0.000000e+000 0.000000e+000 0.000000e+000 0.000000e+000 0.000000e+000
5.3846153846153844e-001
14
0
20 0
8.656168e-001 -3.304029e-001 -4.310551e+001 1.085948e-001 8.530736e-001 7.537166e+001 1.984598e-004 -3.628444e-004 9.641915e-001
0.000000e+000 0.000000e+000 0.000000e+000 0.000000e+000 0.000000e+000 0.000000e+000 0.000000e+000 0.000000e+000 0.000000e+000
0.0000000000000000e+000
0
0
20 1
8.492925e-001 3.328179e-001 1.782741e+002 -1.727388e-001 9.657712e-001 6.397386e+001 -2.967645e-004 -1.192658e-004 9.374184e-001
0.000000e+000 0.000000e+000 0.000000e+000 0.000000e+000 0.000000e+000 0.000000e+000 0.000000e+000 0.000000e+000 0.000000e+000
0.0000000000000000e+000
0
0
20 2
7.888674e-001 -1.370105e-001 5.005367e+001 1.760106e-002 8.668905e-001 7.423392e+001 -7.281960e-005 -5.684728e-004 9.465378e-001
0.000000e+000 0.000000e+000 0.000000e+000 0.000000e+000 0.000000e+000 0.000000e+000 0.000000e+000 0.000000e+000 0.000000e+000
0.0000000000000000e+000
0
0
20 3
7.327330e-001 6.243876e-001 9.157478e+001 -1.654181e-001 7.720297e-001 -8.388257e+001 -6.172817e-004 -1.214088e-004 8.948423e-001
0.000000e+000 0.000000e+000 0.000000e+000 0.000000e+000 0.000000e+000 0.000000e+000 0.000000e+000 0.000000e+000 0.000000e+000
0.0000000000000000e+000
0
0
20 16
1.237926e+000 -5.594452e-001 -2.636348e+002 4.611639e-001 1.458632e+000 -6.997655e+001 1.129504e-003 1.020384e-003 7.853834e-001
0.000000e+000 0.000000e+000 0.000000e+000 0.000000e+000 0.000000e+000 0.000000e+000 0.000000e+000 0.000000e+000 0.000000e+000
0.0000000000000000e+000
0
0
20 17
9.851472e-001 -2.219928e-001 -1.196182e+002 1.066353e-001 8.582553e-001 4.099192e+001 3.192276e-004 -3.886410e-004 9.418765e-001
0.000000e+000 0.000000e+000 0.000000e+000 0.000000e+000 0.000000e+000 0.000000e+000 0.000000e+000 0.000000e+000 0.000000e+000
0.0000000000000000e+000
0
0
20 18
9.583331e-001 -2.288327e-001 -1.729747e+002 1.527628e-001 7.855335e-001 -1.282715e+002 5.240930e-004 1.759537e-004 8.685184e-001
0.000000e+000 0.000000e+000 0.000000e+000 0.000000e+000 0.000000e+000 0.000000e+000 0.000000e+000 0.000000e+000 0.000000e+000
0.0000000000000000e+000
0
0
20 19
8.728052e-001 -2.056457e-001 -6.546957e+001 8.997026e-002 1.325773e+000 5.690130e+001 2.143386e-004 -4.226548e-004 9.663365e-001
0.000000e+000 0.000000e+000 0.000000e+000 0.000000e+000 0.000000e+000 0.000000e+000 0.000000e+000 0.000000e+000 0.000000e+000
0.0000000000000000e+000
0
0
21 22
1.113558e+000 -2.684281e-001 -1.000221e+002 9.289961e-002 1.157107e+000 -1.007855e+002 4.570137e-004 1.098815e-004 1.000000e+000
0.000000e+000 0.000000e+000 0.000000e+000 0.000000e+000 0.000000e+000 0.000000e+000 0.000000e+000 0.000000e+000 0.000000e+000
6.9999999999999996e-001
49
0
22 21
8.404117e-001 1.852054e-001 1.027258e+002 -9.997038e-002 8.340002e-001 7.405587e+001 -3.730948e-004 -1.762826e-004 9.449155e-001
0.000000e+000 0.000000e+000 0.000000e+000 0.000000e+000 0.000000e+000 0.000000e+000 0.000000e+000 0.000000e+000 0.000000e+000
0.0000000000000000e+000
0
0
1762
2 0 31 20 87
2 0 42 20 96
5 0 44 2 43 3 1733 18 436 20 99
8 0 50 17 74 2 50 16 1148 1 1386 18 445 15 2177 3 458
3 0 56 3 466 20 107
2 0 57 20 108
3 0 62 2 65 20 116
2 0 152 20 1541
2 0 236 20 366
2 0 263 2 316
2 0 284 20 1576
5 0 397 2 476 19 1853 20 1749 3 4463
2 0 431 2 1857
2 0 525 20 1901
2 0 548 20 743
2 0 551 2 534
2 0 576 20 2042
4 0 604 2 2014 19 2174 20 2944
2 0 620 19 899
2 0 709 20 953
2 0 778 17 2033
2 0 789 2 593
2 0 1155 20 2503
3 0 1156 16 2201 17 1234
5 0 1161 1 2804 3 3071 18 1610 20 1373
8 0 1162 2 2730 3 3072 16 2206 18 1611 1 2805 17 2373 20 1374
7 0 1163 1 2803 2 1468 3 3070 18 1615 20 1375 16 2209
2 0 1166 18 450
4 0 1172 1 2808 2 2740 3 3075
3 0 1179 2 1480 20 1387
3 0 1193 17 1273 20 131
2 0 1223 20 1457
2 0 1266 20 2635
2 0 1308 20 1561
2 0 1332 17 1426
2 0 1338 19 2768
2 0 1349 20 2729
4 0 1353 2 4048 17 1451 19 2798
2 0 1362 17 2558
2 0 1363 17 1459
2 0 1365 3 754
3 0 1366 20 2707 2 4057
2 0 1368 20 2724
2 0 1410 20 1603
2 0 1420 17 1531
2 0 1423 17 1543
2 0 1477 20 1696
2 0 1500 17 2665
4 0 1513 17 2671 20 2843 2 3067
2 0 1532 2 3044
2 0 1537 19 1894
2 0 1549 2 1872
2 0 1550 2 3063
5 0 1655 2 3172 17 1740 20 2980 19 4218
2 0 1663 17 2826
2 0 1721 20 3039
2 0 1752 17 723
2 0 1778 3 5337
2 0 1779 1 404
2 0 1780 19 3344
2 0 1861 20 3164
3 0 1938 20 5783 2 6419
3 0 1939 20 5784 2 6420
3 0 2403 3 1724 17 2363
7 0 2409 1 4037 2 2721 18 2763 20 2498 3 4097 17 3390
6 0 2410 1 4038 2 2722 18 2764 3 4098 17 3391
4 0 2411 16 2189 17 2366 15 3145
7 0 2414 3 3063 17 2370 18 1602 20 1367 2 1456 1 2794
9 0 2417 2 1461 16 2205 20 2505 1 2801 17 1237 18 1607 15 3151 3 3067
9 0 2419 2 3893 3 4112 16 3200 17 3396 18 2780 20 3506 1 4045 15 3779
6 0 2421 2 1471 3 3074 17 2377 18 1616 1 2809
9 0 2422 1 4047 2 3894 3 4114 16 3205 17 2378 18 2785 20 3511 15 3158
5 0 2423 2 3895 16 3206 17 2379 20 3512
6 0 2430 3 3079 17 3403 1 1400 20 3515 2 68
2 0 2472 17 1327
2 0 2486 18 2826
2 0 2507 20 3626
2 0 2516 17 1344
2 0 2527 20 1496
2 0 2560 20 3669
2 0 2581 17 1413
4 0 2588 1 3010 2 2890 20 2677
5 0 2589 2 4058 17 2551 20 2711 16 1321
3 0 2592 2 4041 17 3568
5 0 2604 1 4213 17 3572 20 3682 2 2904
2 0 2610 20 2713
2 0 2617 17 2566
2 0 2618 20 2714
2 0 2620 19 2854
2 0 2637 17 2579
3 0 2669 2 2980 1 5098
2 0 2677 18 1758
2 0 2721 2 3076
2 0 2728 2 3055
2 0 2729 2 4172
7 0 2741 2 3089 16 1501 18 2994 19 3160 20 2867 17 2705
2 0 2746 17 2708
6 0 2761 2 3094 17 2730 19 3140 20 2877 1 3340
2 0 2777 20 3818
2 0 2822 19 3350
7 0 2826 17 3762 19 4263 16 3654 2 1944 14 4741 15 4057
6 0 2827 17 3763 18 3009 16 3655 14 4742 15 4058
2 0 2831 2 4251
3 0 2832 2 3103 19 4876
2 0 2835 19 4271
6 0 2836 17 3769 19 4270 16 3666 14 4747 15 4074
2 0 2937 18 981
2 0 2964 17 3835
2 0 3006 2 3351
2 0 3059 2 3391
2 0 3148 19 4535
6 0 3503 3 4925 16 3209 20 2514 2 2739 18 2788
6 0 3505 2 4763 16 3958 20 4288 1 5562 18 4374
3 0 3506 16 3959 20 4289
2 0 3549 19 3787
2 0 3577 17 3487
3 0 3578 17 3488 18 3757
5 0 3599 2 3970 17 3485 19 4662 20 3622
5 0 3600 2 3971 17 3486 19 4663 20 3623
2 0 3604 17 3489
3 0 3610 20 4349 2 4841
5 0 3611 2 3977 17 3491 19 3826 20 3632
2 0 3635 20 3646
3 0 3659 1 5642 20 3647
2 0 3669 20 4873
2 0 3675 19 3891
3 0 3678 17 2537 16 3325
3 0 3693 17 2545 16 2378
2 0 3696 20 3687
2 0 3699 19 4732
3 0 3700 17 2538 19 3911
2 0 3701 19 3938
2 0 3702 20 3698
2 0 3704 17 4314
2 0 3705 20 4406
2 0 3721 20 2695
2 0 3729 2 4888
2 0 3763 2 4128
2 0 3779 2 4143
4 0 3788 2 4174 17 3657 18 3859
5 0 3795 17 3659 18 2962 19 4131 20 3764
2 0 3806 2 4163
3 0 3811 2 4170 1 5136
2 0 3828 2 4177
2 0 3841 20 2882
4 0 3845 2 1914 18 3917 20 3805
2 0 3849 2 4207
6 0 3854 2 4979 1 5738 20 4949 17 4427 19 5401
2 0 3873 17 3730
2 0 3874 2 4200
2 0 3886 17 4480
3 0 3887 17 4481 19 4910
2 0 3894 20 2973
2 0 3895 20 2974
2 0 3919 16 3581
2 0 3926 16 3567
2 0 3970 17 4550
2 0 3981 1 630
4 0 4038 1 3284 3 3433 20 5031
2 0 4088 1 5936
2 0 4139 2 3430
2 0 4197 20 4684
2 0 4293 2 3611
2 0 4473 20 4356
2 0 4474 20 4854
2 0 4477 20 4860
2 0 4485 2 4839
2 0 4490 17 4267
2 0 4494 20 4392
2 0 4495 17 4263
2 0 4500 20 4882
3 0 4501 2 4876 17 4276
2 0 4502 20 4403
2 0 4503 20 4404
2 0 4505 19 4714
3 0 4506 17 4287 20 4402
3 0 4509 17 4277 19 4725
2 0 4510 16 4041
2 0 4511 16 4042
2 0 4513 17 4305
3 0 4517 20 4383 1 5026
2 0 4528 20 4887
2 0 4543 17 4324
2 0 4549 20 4911
2 0 4573 17 4369
7 0 4587 2 4169 19 5382 20 4450 3 5673 17 4383 18 3858
8 0 4593 2 4950 16 3441 17 4391 18 3863 20 4456 3 5684 19 4839
3 0 4594 17 4393 18 4485
5 0 4602 2 4965 17 4402 19 4845 20 4939
3 0 4611 18 3888 20 3798
5 0 4612 2 4972 20 4943 1 5735 3 5697
5 0 4624 17 3702 19 4178 2 4980 20 4950
2 0 4625 20 4951
2 0 4628 17 4442
2 0 4632 2 5607
4 0 4645 2 5603 17 4982 20 4955
2 0 4646 17 4434
2 0 4648 17 4436
3 0 4649 2 5000 20 4980
4 0 4661 20 4976 1 6105 3 6166
2 0 4662 20 4977
5 0 4665 2 5623 20 4988 1 6117 3 6173
5 0 4666 2 5624 20 4989 1 6118 3 6174
6 0 4667 2 4265 17 5000 20 4991 1 5776 19 5797
2 0 4668 20 4992
3 0 4671 2 4991 17 5019
3 0 4672 2 4992 19 5450
2 0 4703 19 4966
2 0 4705 17 4491
2 0 4706 2 5033
3 0 4710 2 5043 20 5032
2 0 4714 2 5051
2 0 4731 20 5388
5 0 4750 2 5060 18 4581 1 5254 20 5036
2 0 4774 18 4599
2 0 4789 2 4308
3 0 4808 2 5179 1 6246
2 0 4923 2 4483
2 0 4932 2 4491
2 0 4938 1 3507
2 0 4948 2 3540
2 0 4991 2 4522
8 0 5048 2 5919 3 5852 16 4832 17 5223 18 4826 1 6282 20 5215
3 0 5050 19 5635 17 4798
5 0 5056 17 5232 18 4830 20 5221 16 4497
2 0 5057 20 4801
2 0 5087 17 4849
5 0 5108 16 4544 17 4875 20 4861 2 5471
3 0 5117 2 5480 17 4880
4 0 5118 2 5481 17 4881 19 5274
6 0 5120 17 4280 2 5475 16 4056 1 5644 3 5909
3 0 5121 17 4281 16 4057
2 0 5124 19 5272
3 0 5127 17 5283 20 5291
3 0 5134 17 4889 19 5288
2 0 5173 2 5553
3 0 5183 17 4946 19 5772
3 0 5190 2 5572 1 5704
3 0 5192 19 5776 2 6003
2 0 5207 17 4420
3 0 5213 17 4985 19 5788
7 0 5216 1 6077 2 5608 18 4527 19 5789 20 5343 3 6149
2 0 5219 17 4993
6 0 5221 2 5620 17 4997 1 6110 3 6171 20 4982
2 0 5225 20 5352
2 0 5226 20 5353
3 0 5231 20 5354 17 5338
2 0 5236 2 6031
3 0 5241 2 4999 20 4962
2 0 5249 17 5012
3 0 5250 17 5013 18 3997
3 0 5259 1 5717 2 5015
2 0 5270 17 5375
3 0 5282 17 5053 20 5404
3 0 5289 3 1864 20 5113
2 0 5292 2 5045
2 0 5328 2 6106
2 0 5354 2 6131
2 0 5381 2 4493
2 0 5384 2 5166
2 0 5385 2 5167
2 0 5389 2 5183
2 0 5396 2 5184
2 0 5408 2 5189
2 0 5414 2 5226
2 0 5421 2 5892
3 0 5440 1 4627 2 4575
2 0 5442 2 5250
3 0 5496 2 6184 17 5235
2 0 5505 19 5650
2 0 5512 17 5250
2 0 5533 19 5931
2 0 5538 20 5272
2 0 5542 19 5693
3 0 5543 17 5282 20 5288
2 0 5548 2 5487
3 0 5582 18 5157 20 5522
2 0 5592 2 6000
5 0 5593 1 6361 16 4632 17 4963 2 6007
7 0 5597 2 6011 17 5320 18 5181 19 5399 20 5530 16 4636
4 0 5602 2 5605 19 5408 20 5341
5 0 5610 2 6242 20 5538 1 6495 19 6119
5 0 5611 20 5539 1 6496 2 6243 19 6120
7 0 5618 2 6252 16 4933 18 4536 19 6124 20 5552 17 5336
5 0 5625 2 6033 20 5540 1 6059 3 5938
2 0 5630 2 4995
3 0 5634 2 6038 17 5551
2 0 5639 2 5020
2 0 5640 2 5021
2 0 5641 2 5639
2 0 5642 20 5664
3 0 5647 2 6044 17 5558
4 0 5649 1 6124 2 6053 20 5559
2 0 5665 17 5574
3 0 5667 17 5575 19 6038
3 0 5683 2 5724 17 5585
2 0 5695 16 1979
2 0 5713 2 6148
2 0 5722 2 5728
2 0 5723 2 5180
4 0 5729 1 5277 2 5206 3 5193
2 0 5730 2 5753
2 0 5731 1 5307
2 0 5735 2 5191
3 0 5740 1 5799 2 5776
2 0 5745 1 5282
3 0 5758 2 5801 1 5820
3 0 5761 1 5285 2 5235
2 0 5764 2 5232
2 0 5772 2 5807
2 0 5774 2 5830
2 0 5795 3 5661
5 0 5797 2 5945 17 5606 19 5914 18 5132
2 0 5809 2 6373
2 0 5813 20 5492
2 0 5816 20 5645
3 0 5819 2 6209 20 5281
3 0 5820 2 6384 20 5504
2 0 5833 2 6399
6 0 5837 17 5531 19 6112 2 6400 16 5100 20 5721
3 0 5854 2 6259 20 5556
2 0 5858 2 6054
2 0 5859 1 6075
3 0 5870 1 6089 2 6268
2 0 5873 19 6149
2 0 5874 19 6150
2 0 5875 19 6151
2 0 5885 1 6107
2 0 5895 2 6078
2 0 5901 1 5794
2 0 5906 2 5783
2 0 5914 2 6116
2 0 5915 1 5808
2 0 5916 2 6123
2 0 5918 3 5732
7 0 5931 2 6459 3 6322 17 5682 18 5402 20 5698 16 5286
3 0 5966 17 5651 16 5238
3 0 5968 2 6251 19 6131
2 0 5972 17 5656
2 0 5978 2 6517
3 0 5980 2 6267 17 5712
3 0 5982 17 5714 19 6207
3 0 5998 2 6284 1 6376
3 0 6001 1 6126 3 5977
4 0 6019 19 6165 17 5688 2 6463
3 0 6025 2 6503 20 5706
3 0 6053 2 6422 1 6380
2 0 6054 2 6426
2 0 6057 1 6250
2 0 6062 19 6215
2 0 6066 17 5767
3 0 6070 2 6509 17 5740
2 0 6073 17 5700
3 0 6077 19 6235 2 6484
2 0 6079 2 6515
2 0 6084 2 6490
3 0 6094 17 5766 19 6246
4 0 6095 17 5768 2 6531 20 5796
2 0 6098 19 6272
2 0 6108 20 5827
3 0 6111 2 6512 20 5809
3 0 6112 2 6514 20 5810
2 0 6115 2 6487
2 0 6121 17 5792
2 0 6132 2 6580
2 0 6149 2 6581
2 0 6169 20 5867
2 1 41 2 64
2 1 51 2 1484
2 1 293 2 389
2 1 400 3 2078
3 1 587 3 2356 5 5542
2 1 652 3 2378
2 1 686 3 2438
2 1 687 3 2439
2 1 696 3 2470
2 1 727 20 895
2 1 1349 3 435
2 1 1356 3 1720
3 1 1381 2 46 3 1741
4 1 1382 2 47 3 1742 18 442
4 1 1389 2 57 20 112 3 464
5 1 1390 2 58 17 1248 16 2211 15 2181
4 1 1394 2 63 3 472 18 451
2 1 1403 18 462
2 1 1511 2 172
2 1 1562 20 1543
2 1 1592 2 280
3 1 1724 3 3411 2 368
2 1 1830 18 3053
2 1 1864 3 3539
2 1 1925 2 2068
2 1 1971 3 3589
2 1 2052 3 2422
2 1 2091 3 4479
2 1 2160 2 3484
5 1 2793 20 1366 16 2196 17 2369 2 1455
4 1 2800 3 3066 18 1606 17 1236
3 1 2917 2 3991 20 1485
2 1 2999 20 2665
2 1 3009 2 250
2 1 3019 2 2893
2 1 3062 3 3354
3 1 3064 2 1682 20 1597
2 1 3155 2 2996
2 1 3166 20 3816
2 1 3196 3 3490
2 1 3206 20 3840
3 1 3297 3 4445 5 6318
3 1 3332 20 1790 19 645
2 1 3352 2 3091
3 1 3373 20 1823 2 1922
2 1 3388 3 4512
2 1 3441 3 4525
2 1 3447 18 1859
2 1 3449 20 3112
2 1 3450 20 3127
2 1 3453 3 4559
2 1 3454 3 4560
2 1 3473 3 4549
4 1 3517 2 3219 20 3069 19 3387
2 1 3535 3 5258
2 1 4189 3 4249
2 1 4270 2 2983
2 1 4297 2 4290
2 1 4298 20 4494
4 1 4309 3 4415 17 1597 19 1797
2 1 4327 2 5057
2 1 4338 2 4316
2 1 4415 20 2909
2 1 4435 20 2917
2 1 4442 20 3852
2 1 4458 3 5213
3 1 4467 3 5217 20 2934
4 1 4505 20 3061 2 2097 19 3386
2 1 4515 18 3990
2 1 4540 3 5755
2 1 4576 3 5310
2 1 4577 2 5230
2 1 4586 18 1895
2 1 4624 2 5298
2 1 5033 2 2868
2 1 5036 2 4867
2 1 5044 3 5031
2 1 5050 2 4088
2 1 5070 3 5071
2 1 5072 2 5648
2 1 5076 2 4069
2 1 5087 2 4093
2 1 5099 3 5091
3 1 5179 2 4239 3 5175
2 1 5181 2 4243
2 1 5187 2 4245
2 1 5188 3 5177
2 1 5208 3 5718
2 1 5237 20 3908
2 1 5270 2 5200
2 1 5280 2 5224
2 1 5313 2 5849
2 1 5375 2 5287
2 1 5419 2 5348
2 1 5428 2 5359
2 1 5507 20 4741
2 1 5509 2 3524
2 1 5593 20 4825
2 1 5610 2 4820
2 1 5611 2 4843
2 1 5621 2 4851
2 1 5622 2 4852
3 1 5632 20 4368 2 4863
3 1 5633 2 4864 20 4369
2 1 5664 2 4891
2 1 5682 2 5524
2 1 5711 2 6050
2 1 5729 2 6058
2 1 5731 3 5974
3 1 5748 2 5693 19 6037
3 1 5755 2 5008 20 4985
2 1 5763 3 6004
2 1 5766 20 5013
2 1 5768 2 6089
3 1 5770 3 6009 20 4521
2 1 5777 3 6178
2 1 5779 2 5726
2 1 5875 2 6166
2 1 5877 2 5869
3 1 6009 2 5483 20 5273
3 1 6025 2 5975 3 5920
2 1 6037 18 5519
2 1 6054 20 5340
2 1 6060 20 5541
2 1 6062 3 5958
3 1 6063 2 5580 3 5959
2 1 6091 2 6072
2 1 6097 2 5621
2 1 6106 3 6167
4 1 6109 2 5619 3 6170 20 4981
2 1 6122 3 6177
2 1 6139 2 6117
2 1 6148 2 6308
2 1 6158 2 6317
2 1 6176 2 6337
2 1 6177 2 6329
3 1 6178 2 6147 3 6011
2 1 6191 2 6165
2 1 6265 2 5761
2 1 6345 2 6256
2 1 6347 20 5534
2 1 6349 3 6139
2 1 6354 2 6412
2 1 6363 3 6273
2 1 6364 3 6274
3 1 6367 2 5600 17 4976
2 1 6368 20 5731
2 1 6371 2 6417
2 1 6374 2 6288
2 1 6413 2 6345
2 1 6416 2 6324
2 1 6418 2 6335
2 1 6420 2 6343
2 1 6458 2 6185
2 1 6464 20 4856
2 1 6501 20 5729
3 1 6520 2 6443 3 6191
2 1 6522 2 6449
2 1 6526 2 6452
2 1 6571 2 6383
2 1 6584 2 6401
2 1 6585 20 5772
2 1 6589 3 6279
2 1 6638 2 6546
2 1 6648 20 5812
2 1 6664 2 6547
2 1 6670 3 6430
4 1 6674 2 6530 3 6411 20 5795
2 1 6678 3 6434
2 1 6706 20 5851
2 1 6707 20 5852
3 2 45 3 1736 18 440
2 2 62 3 1753
3 2 66 17 84 18 456
2 2 180 20 250
2 2 181 20 251
2 2 244 20 313
2 2 252 20 327
2 2 314 17 1544
2 2 317 20 1617
2 2 320 20 361
2 2 347 20 1636
2 2 357 20 1641
2 2 533 19 1910
2 2 559 19 1949
2 2 565 20 1803
2 2 610 3 2086
3 2 666 17 1903 20 777
3 2 686 19 833 20 2027
2 2 736 18 881
2 2 1454 20 1362
4 2 1469 16 2210 17 1247 20 1376
2 2 1481 17 1265
2 2 1482 17 1266
2 2 1638 20 1571
2 2 1649 20 2668
2 2 1653 20 1562
2 2 1659 17 1445
2 2 1674 20 1594
2 2 1681 17 245
2 2 1683 20 2694
2 2 1705 20 2733
2 2 1834 3 4447
2 2 1948 20 2884
2 2 2066 20 2026
2 2 2664 3 5165
2 2 2720 16 2180
2 2 2725 20 1363
3 2 2735 17 2376 20 2509
2 2 2830 20 2605
2 2 2877 20 1555
2 2 2956 20 2754
2 2 2979 17 368
4 2 3047 17 3647 19 4832 16 3412
2 2 3060 20 3766
2 2 3114 20 3817
2 2 3117 20 3824
2 2 3134 17 2767
2 2 3144 16 3772
2 2 3154 20 2950
2 2 3155 20 2951
2 2 3173 20 2981
2 2 3174 20 2977
2 2 3175 20 2985
2 2 3176 20 2986
2 2 3272 20 3946
2 2 3397 20 4046
2 2 3496 20 4120
2 2 3594 3 6312
2 2 3928 19 3813
2 2 3956 20 3571
2 2 3961 20 2565
3 2 4005 17 3543 18 3753
2 2 4037 20 4390
3 2 4043 17 3569 20 3677
2 2 4053 20 3684
2 2 4054 17 4323
2 2 4091 20 3707
2 2 4217 20 4482
2 2 4232 19 4909
2 2 4244 20 4505
2 2 4252 20 4515
2 2 4378 20 4624
2 2 4426 20 4664
2 2 4433 17 5172
3 2 4869 20 3666 16 3341
2 2 4872 17 4306
2 2 4881 17 2552
2 2 4983 17 2729
2 2 4984 20 4959
2 2 5003 20 4978
2 2 5016 20 3035
2 2 5025 19 5442
2 2 5038 3 5753
2 2 5056 19 5478
2 2 5092 20 5389
2 2 5106 19 5874
2 2 5124 20 5091
2 2 5133 19 5895
2 2 5462 3 6250
2 2 5499 20 4885
2 2 5500 20 4886
2 2 5511 20 4411
2 2 5514 20 4417
2 2 5516 20 4415
2 2 5547 20 4914
2 2 5548 20 4915
2 2 5587 20 5329
4 2 5588 17 4955 18 4906 20 5330
2 2 5594 20 5334
2 2 5614 20 4975
2 2 5615 20 4979
2 2 5638 20 5361
2 2 5650 18 3991
3 2 5652 16 4944 17 5024
2 2 5655 20 5011
2 2 5657 20 5367
3 2 5707 19 6050 17 5580
5 2 5923 3 5860 16 4835 18 4827 20 5217
5 2 5924 3 5861 16 4836 18 4828 20 5218
2 2 5946 20 5249
2 2 5972 20 5287
2 2 5995 20 5521
2 2 6018 17 5326
2 2 6021 20 5344
2 2 6022 20 5345
3 2 6030 17 5335 20 5550
2 2 6035 20 5351
3 2 6049 16 5148 14 5338
2 2 6090 20 5588
2 2 6202 17 4874
2 2 6206 20 5277
2 2 6207 20 5278
2 2 6213 19 6085
3 2 6253 20 5553 17 5339
3 2 6254 16 5371 19 6133
2 2 6258 17 5547
3 2 6405 17 5748 20 5727
2 2 6410 19 6237
2 2 6567 20 5843
3 3 457 17 75 16 1149
2 3 519 20 372
3 3 750 18 4711 16 2465
2 3 878 18 1994
2 3 900 5 1934
2 3 1055 5 5540
2 3 1120 5 4846
2 3 1735 18 439
2 3 1750 20 109
6 3 1755 18 452 20 114 16 68 17 81 15 2184
4 3 1756 17 82 18 453 16 69
2 3 2392 17 3028
4 3 3083 17 2401 20 1393 16 2229
2 3 3521 5 5474
3 3 3568 5 2178 20 4634
3 3 3578 5 5513 12 5197
3 3 3586 5 5516 12 5195
9 3 3625 5 3750 12 3894 11 4558 13 5228 7 4057 9 5690 10 5385 8 5560
8 3 3626 5 3751 12 3893 9 5689 11 4557 8 5559 10 5384 7 4056
2 3 3691 18 3869
2 3 3712 17 4568
2 3 4140 20 2919
4 3 4534 5 6347 4 5989 12 5592
3 3 4716 5 6461 12 4638
2 3 4911 5 4930
2 3 4953 5 4079
2 3 5086 5 4361
2 3 5178 5 6503
2 3 5191 5 4528
2 3 5198 5 6518
2 3 5232 5 6349
2 3 5233 5 6354
2 3 5281 17 2870
2 3 5357 18 3883
2 3 5632 17 4372
2 3 5656 5 6476
2 3 5698 5 5308
2 3 5995 17 5039
4 3 6230 17 5597 20 5616 16 5284
2 3 6259 5 6581
2 3 6276 20 5364
2 3 6446 5 6764
2 3 6447 5 6765
2 3 6468 18 5594
2 4 86 12 4665
2 4 348 6 1558
2 4 615 5 2012
2 4 616 5 2013
2 4 861 6 2154
2 4 983 5 1101
3 4 1086 12 1091 5 1296
2 4 1116 12 1094
2 4 1125 5 1355
2 4 1545 5 2888
2 4 1569 6 365
2 4 1721 5 3148
2 4 1921 6 1879
2 4 1922 6 1880
2 4 1998 6 4076
2 4 2174 6 992
2 4 2253 6 4956
2 4 2254 6 4957
2 4 2335 5 5591
2 4 2669 5 2708
2 4 2798 6 326
2 4 2891 5 4148
2 4 2965 6 2820
2 4 3010 5 4317
2 4 3021 6 591
2 4 3022 12 4997
2 4 3028 6 2897
4 4 3078 5 4426 6 2980 7 395
2 4 3100 5 3190
2 4 3101 5 3191
2 4 3111 6 4074
2 4 3180 6 3025
2 4 3190 5 4434
2 4 3224 6 3064
2 4 3333 5 3604
2 4 3351 6 2053
2 4 3401 5 4742
8 4 3455 5 3712 12 3089 9 4955 11 4564 7 4616 8 5077 6 4937
2 4 3480 5 3713
3 4 3538 5 4763 12 4658
3 4 3557 5 3814 12 4659
2 4 3597 5 3833
2 4 3605 5 3839
2 4 3622 12 806
2 4 3642 5 3901
2 4 3811 6 2543
2 4 3814 6 2550
2 4 3815 6 2551
2 4 3851 5 3969
2 4 3854 5 3985
2 4 3859 5 4916
2 4 3861 5 3974
2 4 3863 5 4915
2 4 3875 5 4923
2 4 3932 6 1527
2 4 3967 6 349
2 4 3969 6 350
2 4 4046 5 5072
3 4 4098 6 3860 7 2626
3 4 4126 5 4323 6 3894
2 4 4136 6 2884
2 4 4157 5 4337
3 4 4197 5 5202 6 5251
3 4 4222 6 5281 5 4383
2 4 4258 6 3988
2 4 4341 5 5417
2 4 4346 5 5434
2 4 4401 5 4673
2 4 4405 6 3170
2 4 4444 5 4626
3 4 4500 5 4712 6 4973
2 4 4508 5 4708
2 4 4521 5 4721
3 4 4525 5 4740 12 5159
3 4 4533 5 4760 12 4600
2 4 4535 12 5163
2 4 4558 5 4764
2 4 4597 5 4805
2 4 4600 5 4827
2 4 4601 5 4828
2 4 4619 5 4824
2 4 4621 5 4833
2 4 4751 5 4881
2 4 4756 6 3669
2 4 4784 5 5660
3 4 4796 6 4518 5 5670
2 4 4874 6 4564
2 4 4885 6 4579
2 4 4904 5 5755
3 4 4937 5 5757 6 3826
3 4 4947 6 3854 7 3598
2 4 4950 5 5158
2 4 4953 6 3870
2 4 4954 5 4243
2 4 4987 5 5189
2 4 5006 6 4771
3 4 5009 5 5221 6 5258
2 4 5011 5 5888
2 4 5070 6 4778
2 4 5079 6 4129
2 4 5081 5 5442
2 4 5092 5 5423
3 4 5122 5 5379 6 5621
2 4 5127 6 4780
2 4 5186 5 5482
2 4 5201 5 6010
4 4 5207 12 5138 5 4743 10 5508
3 4 5208 12 5137 10 5507
3 4 5227 12 5450 5 5538
3 4 5236 5 5552 12 5143
3 4 5237 5 5553 12 5142
2 4 5249 5 4793
2 4 5260 12 5162
3 4 5265 12 4690 5 5590
2 4 5363 6 4472
2 4 5365 6 4473
2 4 5367 5 6101
2 4 5373 5 6104
2 4 5446 5 6162
2 4 5464 6 5150
2 4 5481 5 5779
2 4 5483 6 5194
3 4 5489 6 4644 5 5147
2 4 5494 5 5108
2 4 5495 5 5109
4 4 5513 5 6221 6 5205 7 4919
2 4 5518 5 6230
2 4 5544 6 5574
5 4 5547 5 5842 6 5578 7 5539 8 5517
3 4 5551 6 5584 5 5843
2 4 5581 5 5905
3 4 5633 6 5657 5 6000
4 4 5636 5 6316 6 5645 7 5382
6 4 5638 6 5830 5 6313 7 5606 12 5581 10 5954
2 4 5669 5 6055
2 4 5713 12 4543
2 4 5746 6 5453
2 4 5757 6 5851
2 4 5770 6 5067
2 4 5771 6 5065
2 4 5772 6 5066
2 4 5814 6 5143
2 4 5834 5 6198
2 4 5835 5 6418
2 4 5836 5 6419
3 4 5838 5 6436 6 5536
4 4 5842 5 6215 6 5197 7 4905
2 4 5850 5 6442
2 4 5851 5 6443
2 4 5885 6 5572
2 4 5891 6 5782
2 4 5893 5 6256
2 4 5895 5 6260
2 4 5902 6 5802
2 4 5904 5 6470
10 4 5909 5 6283 6 5801 10 5936 7 5570 9 5660 11 5509 12 5678 8 5530 13 6323
2 4 5923 6 5800
2 4 5924 5 5942
2 4 5927 6 5803
2 4 5941 5 6488
2 4 5949 5 6302
5 4 5964 5 6326 12 5590 10 6049 11 5645
2 4 5972 5 6331
2 4 6011 12 5593
2 4 6055 6 5716
2 4 6068 6 5725
2 4 6100 5 6563
2 4 6114 6 5768
2 4 6128 6 5900
2 4 6142 5 6475
3 4 6143 5 6478 6 5908
2 4 6158 12 5564
2 4 6203 6 5711
2 4 6212 5 6625
3 4 6238 5 6651 6 5882
3 4 6249 6 5970 7 5829
2 4 6257 5 6662
2 4 6268 6 5977
2 4 6273 5 6606
3 4 6305 5 6690 6 5955
3 4 6306 5 6691 6 5956
2 4 6341 6 5938
2 4 6345 6 6006
2 4 6349 6 5954
2 4 6361 5 6699
2 4 6362 6 6055
3 4 6365 5 6708 6 6053
3 4 6368 5 6705 12 5813
3 4 6369 5 6706 12 5814
2 4 6372 12 5733
2 4 6376 12 5676
2 4 6397 5 6735
2 4 6413 5 6758
6 4 6424 5 6752 6 6078 7 5851 8 5819 9 6068
7 4 6425 6 6079 5 6753 7 5852 8 5820 9 6069 10 6166
2 4 6428 5 6771
2 4 6434 5 6770
2 5 563 6 1757
2 5 628 12 798
2 5 1166 10 3459
2 5 1168 10 3446
2 5 1192 11 3211
2 5 1194 12 2133
2 5 1273 12 1097
2 5 2456 12 3297
3 5 2501 10 4322 12 3183
2 5 2534 11 3220
2 5 2586 10 3506
2 5 2589 12 991
3 5 3136 6 1722 7 264
2 5 3138 6 517
2 5 3450 6 4829
2 5 3455 11 3176
2 5 3570 6 4903
2 5 3695 11 5049
3 5 3770 11 4025 12 3962
2 5 3782 10 4291
3 5 3783 10 4290 11 4629
4 5 3807 11 4644 12 4608 13 5787
2 5 3811 10 4317
3 5 3824 12 3949 13 5272
2 5 4305 6 531
2 5 4308 6 2870
2 5 4386 6 4750
2 5 4444 10 3135
2 5 4534 6 4175
2 5 4596 11 5086
3 5 4711 6 4972 12 4626
4 5 4716 6 5411 7 5148 11 5080
4 5 4725 12 4610 10 4283 11 4022
2 5 4726 12 5160
2 5 4729 12 5177
5 5 4746 11 4625 12 4598 13 5781 10 5474
4 5 4751 10 4982 11 4635 12 4604
2 5 4752 12 5164
5 5 4755 10 4985 12 4603 11 4636 13 5786
2 5 4768 12 5172
4 5 4772 10 4997 11 4649 12 3970
2 5 5101 11 3708
2 5 5396 10 4822
2 5 5468 6 4834
2 5 5488 11 4455
2 5 5502 12 5442
2 5 5517 10 5795
2 5 5573 12 5179
2 5 5589 12 4691
2 5 5644 6 4501
2 5 5876 10 5892
2 5 5882 6 3950
2 5 5949 11 2427
4 5 5950 10 5744 9 5669 11 5521
2 5 6028 11 5539
2 5 6032 10 5971
2 5 6240 6 5784
2 5 6298 6 5604
2 5 6413 6 5877
2 5 6415 11 4012
2 5 6482 6 5796
2 5 6603 6 5902
2 5 6711 12 5774
2 5 6772 12 5834
2 6 543 8 4991
2 6 2961 7 1563
2 6 3100 7 3831
2 6 3184 7 2949
3 6 3623 8 2556 9 3639
3 6 3624 8 2557 9 3640
2 6 3637 8 2582
2 6 4040 7 3747
2 6 4342 7 4045
2 6 4476 8 3579
2 6 4514 7 4138
2 6 4801 8 1878
2 6 4821 7 3855
4 6 4846 7 5017 8 5006 9 5318
2 6 5046 8 4291
2 6 5062 8 4303
2 6 5085 7 5193
2 6 5167 7 4841
2 6 5215 7 4895
2 6 5233 8 5312
2 6 5323 7 5339
2 6 5363 7 4554
3 6 5373 7 5087 8 5061
2 6 5449 8 4821
3 6 5464 7 5192 8 4307
2 6 5466 8 4316
4 6 5468 7 5455 8 4854 9 5488
2 6 5508 7 5230
3 6 5575 7 5545 8 5519
2 6 5617 7 5346
3 6 5703 8 5214 9 5461
2 6 5724 7 5453
4 6 5857 7 5627 8 5479 9 5743
4 6 5858 7 5624 8 5480 9 5869
4 6 5945 7 5723 8 5618 9 5874
4 6 5946 7 5724 8 5619 9 5875
2 6 6001 8 5706
3 6 6007 8 5708 9 5949
2 6 6015 7 5735
2 6 6037 8 5787
2 6 6038 7 5813
4 7 1037 8 1084 11 939 12 875
2 7 1350 11 3467
2 7 1795 8 3861
2 7 2598 11 1316
2 7 2922 9 3215
2 7 2962 9 3198
2 7 3123 8 3140
2 7 3252 8 3267
2 7 3265 8 4093
2 7 3273 8 4060
3 7 3596 11 2390 10 3740
5 7 3600 11 2388 9 2860 10 2633 12 2435
2 7 3686 11 3521
2 7 3838 9 4160
2 7 3937 9 4965
2 7 4137 9 4496
2 7 4142 9 3718
2 7 4294 11 4250
2 7 4307 11 4259
2 7 4334 9 4706
2 7 4403 8 3838
2 7 4417 8 3856
2 7 4420 8 4972
2 7 4514 9 5422
2 7 4591 11 5021
2 7 4663 8 5125
2 7 4748 8 4319
4 7 4877 9 4644 11 4805 10 4556
4 7 4883 9 5192 10 5177 13 5814
2 7 4906 9 4667
2 7 4962 9 5624
2 7 4964 8 4491
2 7 4967 9 5301
2 7 4972 9 5309
4 7 4984 9 5637 10 5714 11 5515
2 7 5081 11 4519
2 7 5088 9 5408
3 7 5182 11 4657 12 3988
2 7 5298 8 4461
2 7 5384 8 5384
2 7 5385 8 5385
2 7 5490 9 5191
5 7 5497 9 5552 11 5445 13 6199 12 5500
5 7 5499 11 5217 9 5554 12 5499 13 6197
2 7 5502 9 5557
2 7 5511 9 5590
2 7 5544 8 5521
2 7 5600 9 5410
3 7 5608 11 5336 12 5405
3 7 5628 8 5478 9 5487
2 7 5640 9 5494
2 7 5677 8 5641
2 7 5694 9 5931
2 7 5696 9 5932
3 7 5721 8 5617 9 5868
3 7 5725 9 5745 8 5622
2 7 5828 9 6033
2 7 5833 9 6056
2 8 643 9 2048
2 8 1342 9 80
2 8 3102 9 4263
2 8 3517 9 3615
2 8 3524 9 2513
2 8 4263 9 5008
2 8 4270 9 4455
2 8 4274 9 3617
2 8 4275 9 3620
2 8 4276 9 5015
2 8 4306 9 5060
2 8 4524 9 5651
2 8 4796 9 5006
2 8 4817 9 4446
2 8 4834 9 5037
2 8 4967 9 4771
2 8 5204 9 5018
2 8 5215 9 5462
2 8 5220 9 5465
2 8 5237 9 5481
2 8 5317 9 5328
2 8 5319 9 5645
5 8 5352 9 5816 10 5937 11 5514 12 5575
2 8 5362 9 5836
2 8 5471 9 5725
2 8 5538 9 5676
2 8 5626 9 5950
2 8 5630 9 5881
2 8 5709 9 5952
3 9 780 10 1779 13 4549
3 9 1691 10 1404 13 2651
2 9 1702 11 1279
2 9 1725 10 1424
2 9 2134 11 1831
2 9 2356 10 1969
3 9 2833 10 3727 11 3448
4 9 2871 10 1402 12 2394 13 3839
2 9 2900 10 2670
3 9 2933 11 1267 12 1264
2 9 2951 10 1462
2 9 3018 10 2719
3 9 3023 10 1509 11 1326
3 9 3028 10 1513 13 1392
4 9 3037 11 2454 10 2745 13 2657
2 9 3730 10 3567
2 9 3736 10 3568
3 9 3902 10 3703 11 3390
2 9 3937 11 3459
3 9 3949 11 3447 13 4711
3 9 3958 11 2364 10 2639
3 9 3962 11 3476 12 4284
5 9 3966 10 3769 12 4251 11 4248 13 4718
5 9 3983 10 3775 12 4262 11 3464 13 4726
2 9 3986 11 4284
3 9 4019 11 2426 12 2436
2 9 4023 10 3797
2 9 4114 10 4756
3 9 4207 11 5106 10 3174
3 9 4640 10 4526 11 4757
2 9 4648 10 4538
2 9 4652 12 4779
2 9 4653 10 3739
2 9 4669 12 4269
4 9 4672 11 4252 12 4266 10 4582
4 9 4675 10 4566 11 4232 12 4225
5 9 4681 10 4594 11 4257 12 3484 13 5354
4 9 4689 10 3762 11 4237 12 3436
2 9 4695 11 4256
2 9 4697 10 4630
2 9 4698 10 4598
3 9 4714 10 4607 11 4255
3 9 4715 11 3478 12 4260
3 9 4716 11 3479 12 4261
2 9 4828 11 3845
5 9 4924 11 4521 12 5045 13 5180 10 5364
2 9 5075 10 5053
2 9 5183 11 4769
2 9 5193 11 4821
3 9 5199 10 5175 11 4793
4 9 5207 10 5613 11 4791 12 4795
4 9 5216 10 5187 11 4802 12 4813
5 9 5221 10 5195 11 4247 12 4239 13 5329
4 9 5225 11 4815 12 4823 13 5341
3 9 5229 10 5196 11 3450
2 9 5292 10 5282
2 9 5492 10 5833
4 9 5545 10 5149 12 4765 11 4185
3 9 5550 11 5446 13 6200
3 9 5556 11 4790 12 5271
2 9 5558 12 5294
2 9 5559 11 5210
4 9 5561 11 5216 12 5282 13 6053
2 9 5565 12 5278
2 9 5583 11 4810
2 9 5764 10 5847
3 9 5770 10 5854 11 5415
3 9 5775 10 5588 11 5425
4 9 5776 10 5866 11 5429 12 5475
4 9 5778 10 5605 11 5196 12 5255
2 9 5783 11 5447
2 9 5815 11 5507
2 9 5826 10 6037
2 9 5878 10 5981
2 9 5990 10 6055
2 9 5996 11 5661
3 9 5998 10 6101 11 5700
2 9 6005 10 6141
2 9 6008 10 6112
2 9 6022 10 6146
2 9 6027 10 6134
2 9 6072 10 6171
2 10 206 12 307
3 10 569 11 1782 13 3643
2 10 971 13 1306
2 10 1335 12 2287
4 10 1461 11 2404 12 2405 13 2618
3 10 1721 12 1724 11 1685
2 10 1746 13 4432
2 10 1800 11 1716
2 10 1880 11 2895
3 10 2228 11 2096 13 2596
3 10 2229 11 2097 13 2597
2 10 2315 11 2145
3 10 2605 11 2354 12 2362
2 10 2625 12 2438
2 10 2629 11 2389
2 10 2640 11 2366
3 10 2656 11 1273 12 2396
3 10 2671 11 3466 12 3477
2 10 2675 11 2428
3 10 2698 11 2412 13 3840
3 10 2715 11 1315 13 1372
2 10 2721 11 1325
2 10 2821 11 2675
2 10 2975 11 2844
2 10 3042 11 3846
2 10 3513 11 3236
2 10 3712 11 3407
2 10 3735 11 2373
2 10 3738 12 3439
4 10 3751 12 3454 11 4241 13 5332
2 10 3758 11 3456
3 10 3770 13 5357 12 4270
4 10 3894 11 3684 13 4358 12 2841
4 10 3895 11 3685 13 4357 12 2842
3 10 3929 11 4415 13 5610
2 10 3938 11 3667
2 10 3939 11 3718
2 10 3950 11 4432
2 10 4516 11 3384
2 10 4545 11 4206
2 10 4550 12 4825
2 10 4551 12 3419
2 10 4564 12 4832
3 10 4568 11 4236 12 4810
2 10 4574 12 4274
4 10 4595 11 4263 13 5360 12 4840
3 10 4606 11 4254 13 5327
3 10 4618 11 4273 13 5340
2 10 4635 11 2804
2 10 4651 13 5926
2 10 4669 11 4903
2 10 4680 12 3573
2 10 4688 11 3629
2 10 4702 11 4372
2 10 4770 13 6018
2 10 4789 13 5210
3 10 4794 11 5007 13 5732
2 10 4804 11 5045
2 10 4861 11 5117
2 10 4909 11 4547
2 10 4991 11 4037
2 10 5091 11 4711
2 10 5114 11 4723
2 10 5116 11 4726
2 10 5165 11 4208
2 10 5169 12 4774
2 10 5182 11 4794
3 10 5184 11 4800 12 4808
2 10 5186 11 4803
3 10 5260 11 4926 12 4981
2 10 5276 11 5289
2 10 5283 11 5291
2 10 5286 11 4935
2 10 5342 11 5339
2 10 5354 12 4501
2 10 5371 11 5101
2 10 5379 11 5018
2 10 5412 11 5346
3 10 5488 11 5074 12 4551
2 10 5499 12 4545
2 10 5564 11 5163
2 10 5575 11 4148
3 10 5577 11 5174 12 5226
2 10 5579 11 5178
2 10 5597 11 4751
2 10 5606 11 5198
2 10 5610 11 5195
3 10 5612 11 5438 12 5483
2 10 5622 11 4799
2 10 5676 11 5285
2 10 5689 11 5311
2 10 5710 11 5511
3 10 5759 11 5332 12 5036
2 10 5765 11 5335
2 10 5785 13 6167
2 10 5856 11 5168
2 10 5862 11 5419
2 10 5872 12 5487
2 10 5877 11 5443
2 10 5878 11 5441
2 10 5880 11 5442
3 10 5881 11 5219 13 6045
2 10 5905 11 5601
2 10 5906 11 5267
3 10 5911 11 5483 12 5545
2 10 5913 11 5485
2 10 5917 11 5613
3 10 5929 11 5618 12 5573
3 10 5934 11 5621 12 5576
3 10 5967 11 5384 12 5430
2 10 5989 11 5558
2 10 5991 11 5418
2 10 5993 11 5434
2 10 5994 11 5439
3 10 6023 13 6357 12 5732
3 10 6024 11 5623 12 5681
2 10 6030 11 5620
2 10 6039 11 5640
3 10 6045 12 5565 11 5633
2 10 6063 11 5658
3 10 6085 11 5684 13 6358
2 10 6096 11 5692
2 10 6097 11 5695
4 10 6110 11 5739 12 5794 13 6400
2 10 6111 11 5740
2 10 6132 11 5694
2 10 6135 11 5697
3 10 6137 11 5731 13 6381
3 10 6139 11 5737 12 5792
2 11 360 13 3166
2 11 571 13 2153
2 11 1053 12 902
2 11 1276 12 1304
2 11 1352 13 2669
2 11 1660 13 3385
2 11 1805 12 1722
3 11 2061 12 877 13 2595
2 11 2083 12 870
2 11 2355 12 2319
2 11 2362 12 4219
2 11 2380 12 2423
2 11 2411 12 2422
2 11 2413 13 3841
3 11 2415 13 2628 12 2417
2 11 2439 13 2640
2 11 2571 13 4211
2 11 2645 13 5010
2 11 2744 13 5057
2 11 2749 13 4374
2 11 2751 12 1660
2 11 2843 13 5158
2 11 3179 13 3804
2 11 3202 12 3184
2 11 3437 13 4693
2 11 3445 13 4704
2 11 3446 12 2413
2 11 3475 12 3476
2 11 3487 13 4729
2 11 3592 12 2554
2 11 3609 13 5466
2 11 3714 13 5112
2 11 3796 13 5743
2 11 3875 12 3854
2 11 4042 12 3968
2 11 4053 13 4675
2 11 4229 12 4213
2 11 4249 12 4244
3 11 4258 12 4826 13 5344
2 11 4264 12 4286
2 11 4358 12 4335
2 11 4460 12 3745
2 11 4465 13 5951
2 11 4467 13 5667
2 11 4650 12 3971
2 11 4652 12 4625
2 11 4658 12 3989
2 11 4671 12 3973
2 11 4775 12 4776
2 11 4776 12 4777
3 11 4804 12 4820 13 5804
2 11 4811 13 6059
2 11 4812 13 5823
2 11 4824 13 5815
2 11 4832 12 4853
2 11 4834 12 4817
3 11 4932 13 6132 12 5376
3 11 4939 12 4450 13 6124
2 11 4949 12 4413
2 11 4950 12 4414
2 11 4960 12 4428
2 11 4978 13 5994
2 11 5008 13 6028
2 11 5031 12 5018
2 11 5040 12 5062
2 11 5056 12 5427
2 11 5222 12 5494
2 11 5226 13 6060
2 11 5252 13 6226
3 11 5256 12 5313 13 6085
2 11 5294 13 6127
2 11 5297 13 6126
2 11 5308 13 6150
3 11 5337 12 5399 13 6158
2 11 5340 13 6153
2 11 5354 12 5067
2 11 5389 12 5125
2 11 5454 12 5505
2 11 5465 12 5511
2 11 5501 13 6140
2 11 5502 12 5390
2 11 5503 12 5391
3 11 5506 12 5574 13 6175
2 11 5537 12 5586
2 11 5540 12 5589
2 11 5587 13 6282
3 11 5591 12 5520 13 6292
2 11 5592 12 5517
2 11 5609 12 5661
2 11 5610 12 5662
2 11 5614 12 5668
2 11 5636 13 6251
2 11 5660 12 5707
2 11 5662 12 5708
2 11 5671 12 5715
2 11 5672 13 6351
2 11 5712 12 5770
2 11 5749 12 5815
2 11 5781 12 5850
2 12 1306 13 2637
2 12 2934 13 4460
2 12 3449 13 3845
2 12 3450 13 4690
2 12 3468 13 3875
2 12 3521 13 5387
2 12 4265 13 4733
2 12 4429 13 5054
2 12 4430 13 5055
2 12 4535 13 5999
2 12 4854 13 5825
2 12 4863 13 5835
2 12 5049 13 5985
2 12 5302 13 6212
2 12 5361 13 6119
2 12 5498 13 6057
2 12 5568 13 6255
2 12 5682 13 6326
2 12 5735 13 6360
2 14 165 15 238
2 14 266 16 251
2 14 1228 15 168
2 14 1229 15 169
2 14 1230 15 1246
2 14 1477 15 1419
2 14 1499 16 2510
2 14 1500 15 1407
2 14 1509 15 2429
2 14 1510 15 2430
2 14 1683 15 1657
2 14 2303 15 2237
2 14 2361 15 167
2 14 2375 15 1262
2 14 2448 15 1325
3 14 2520 16 2392 17 1456
2 14 2521 15 1428
2 14 2559 16 2441
2 14 2563 16 2405
2 14 2571 15 1472
2 14 2626 15 1735
3 14 2832 16 1807 15 1753
2 14 2893 15 1799
2 14 3303 16 2282
2 14 3306 15 3217
2 14 3315 15 2276
2 14 3363 15 3847
2 14 3367 15 2471
2 14 3376 15 1349
2 14 3377 15 1350
2 14 3389 15 3273
2 14 3435 15 2415
2 14 3455 15 2461
2 14 3456 15 2450
2 14 3457 15 2451
2 14 3466 16 2407
3 14 3507 15 2470 16 2421
2 14 3616 15 2634
2 14 3723 15 2751
2 14 3736 15 2754
2 14 3740 15 3568
2 14 4019 15 3274
2 14 4041 15 3245
2 14 4042 15 3851
2 14 4062 15 4432
2 14 4123 16 3359
2 14 4146 16 3454
2 14 4227 15 3446
2 14 4426 15 3696
2 14 4513 15 3282
2 14 4532 15 4416
2 14 4535 15 3958
2 14 4540 15 3969
2 14 4543 15 3271
2 14 4545 15 4344
2 14 4561 15 3862
2 14 4572 15 4450
2 14 4578 15 3868
2 14 4581 15 3284
2 14 4606 15 3313
2 14 4609 16 4086
2 14 4614 16 4096
2 14 4678 16 3458
2 14 4679 16 3459
2 14 4696 15 3421
2 14 4718 15 4485
2 14 4893 15 3808
2 14 4905 15 4408
2 14 4908 15 4706
2 14 4932 15 4349
2 14 4955 16 4559
3 14 4983 16 4589 17 4902
2 14 4988 15 3968
2 14 5006 15 4448
2 14 5138 15 4413
2 14 5139 15 4326
2 14 5142 15 4644
2 14 5143 15 4645
2 14 5144 15 4386
2 14 5147 15 4698
3 14 5169 15 4671 16 5073
3 14 5170 15 4364 16 4875
2 14 5172 15 4890
2 14 5275 15 4917
2 14 5354 15 5008
2 14 5409 15 5144
2 14 5455 15 5233
2 15 1139 16 62
2 15 2293 16 4001
2 15 2394 16 2359
2 15 3266 16 3310
2 15 3267 16 3311
2 15 3513 16 3634
2 15 3544 16 1824
3 15 3570 16 2774 17 2821
2 15 3898 16 4074
2 15 4355 16 4545
2 15 4475 16 4275
2 15 4655 16 5207
2 16 329 17 1502
3 16 357 20 421 17 388
2 16 400 19 473
2 16 401 20 289
3 16 445 20 1782 18 681
2 16 448 19 1729
2 16 596 17 1840
2 16 786 17 735
2 16 1142 17 1230
2 16 1144 20 1369
3 16 1276 17 1414 18 597
2 16 1324 17 2565
2 16 1407 17 386
2 16 1431 18 1997
2 16 1837 19 1881
2 16 1965 17 890
2 16 2258 17 3471
2 16 2303 17 1361
2 16 2381 17 2544
2 16 2410 17 336
2 16 2444 17 2560
2 16 2452 17 1477
2 16 2497 19 3080
2 16 2508 17 2615
2 16 2512 17 2628
3 16 2533 18 1789 19 3116
2 16 2550 17 2652
2 16 2667 19 5441
2 16 2735 19 4957
2 16 2755 17 2802
2 16 2972 19 1129
2 16 3187 19 3766
2 16 3193 17 2364
2 16 3204 18 2779
3 16 3210 20 2515 18 3720
2 16 3276 17 1366
2 16 3375 20 3683
2 16 3379 17 4321
2 16 3396 17 3603
2 16 3407 19 4816
4 16 3411 17 3644 18 2949 20 3751
2 16 3451 18 1780
2 16 3453 17 2644
2 16 3484 17 3685
2 16 3590 19 4838
2 16 3612 19 3109
2 16 3668 17 3772
2 16 4047 17 4288
2 16 4071 17 5290
2 16 4106 17 4343
2 16 4107 17 4344
2 16 4120 17 4361
2 16 4129 19 4835
2 16 4144 17 3633
2 16 4184 19 4179
2 16 4192 17 4988
2 16 4231 17 4493
2 16 4247 17 4452
2 16 4579 17 5302
2 16 4582 17 4901
2 16 4592 17 4907
2 16 4603 17 4925
2 16 4661 19 6000
2 16 4662 19 6001
2 16 4679 19 5389
2 16 4790 18 3870
2 16 4866 17 5278
2 16 4881 17 5510
2 16 4893 17 5292
2 16 4898 19 5769
2 16 4989 18 2787
2 16 4994 18 5507
2 16 5005 17 5068
2 16 5211 17 5694
2 16 5242 17 5744
2 16 5243 17 5745
2 17 34 20 81
2 17 70 20 98
2 17 1174 20 1292
2 17 1249 20 113
2 17 1280 20 127
2 17 1433 20 1567
2 17 1454 19 1525
2 17 1568 19 2960
2 17 1590 19 3047
3 17 1623 18 1770 19 3090
2 17 1823 20 3071
2 17 2349 19 3774
2 17 2463 18 498
2 17 2511 19 2732
2 17 2520 19 3903
2 17 2651 19 4090
2 17 2668 20 4472
2 17 2672 20 3782
2 17 2694 20 3811
2 17 2741 18 4927
2 17 2765 20 3847
2 17 2779 19 4185
2 17 2808 19 4143
2 17 2901 19 4335
2 17 3080 19 4537
2 17 3374 20 3492
2 17 3393 19 4625
2 17 3508 19 4702
2 17 3516 19 5239
2 17 3555 19 5268
2 17 3574 19 3988
2 17 3579 18 4960
2 17 3615 19 3992
2 17 3634 19 4044
2 17 3656 20 3791
2 17 3778 19 4907
2 17 3805 19 4301
3 17 3904 18 4617 19 2415
2 17 4273 20 4395
2 17 4274 20 4396
2 17 4289 19 5707
2 17 4319 19 5329
2 17 4373 20 4445
2 17 4374 20 4446
2 17 4382 18 3857
3 17 4398 18 4491 19 4840
2 17 4430 19 5782
2 17 4458 19 5402
2 17 4521 19 5842
2 17 4733 19 5158
2 17 4853 19 5213
2 17 4857 19 4684
2 17 4871 19 6076
2 17 4954 20 5339
3 17 4972 20 4956 19 4866
2 17 4994 19 5794
2 17 4995 19 5795
2 17 5001 19 5798
2 17 5061 19 6034
2 17 5092 19 5880
2 17 5132 19 5551
2 17 5173 19 5614
2 17 5288 20 5306
3 17 5310 20 5525 19 5387
2 17 5312 19 5777
2 17 5318 18 4917
2 17 5330 19 5998
2 17 5379 19 5868
2 17 5497 19 6082
2 17 5536 20 5549
2 17 5706 20 4542
2 17 5717 19 6210
2 17 5722 19 6242
2 17 5785 19 6288
2 17 5817 19 6321
2 17 5838 19 6330
2 18 406 20 1337
2 18 2844 20 3522
2 18 4002 20 3859
2 19 1690 20 1677
2 19 2948 20 2794
2 19 3077 20 1776
2 19 4451 20 3977
2 19 4791 20 4918
2 19 4856 20 4934
2 19 5362 20 3746
2 19 5388 20 5526
2 19 5894 20 5092
2 21 97 22 2594
2 21 1297 22 2635
2 21 1378 22 2761
2 21 1517 22 2876
2 21 1572 22 3973
2 21 1607 22 4000
2 21 1608 22 3999
2 21 1609 22 4007
2 21 1610 22 4008
2 21 1833 22 1952
2 21 1834 22 1953
2 21 1838 22 3155
2 21 2423 22 2585
2 21 2472 22 3692
2 21 2518 22 3738
2 21 2519 22 3739
2 21 2557 22 3783
2 21 2574 22 4655
2 21 2575 22 4654
2 21 2743 22 3958
2 21 2765 22 3982
2 21 2852 22 4004
2 21 2860 22 4018
2 21 3060 22 4148
2 21 3119 22 3194
2 21 3265 22 4258
2 21 3771 22 5241
2 21 3772 22 5242
2 21 3825 22 4667
2 21 3841 22 4693
2 21 3850 22 4699
2 21 3851 22 4698
2 21 3881 22 5313
2 21 3925 22 5341
2 21 3933 22 5347
2 21 3942 22 4776
2 21 3954 22 5365
2 21 4109 22 5476
2 21 4205 22 5008
2 21 4534 22 5202
2 21 4671 22 5312
2 21 4677 22 5724
2 21 4699 22 5356
2 21 4700 22 5740
2 21 4806 22 5995
2 21 4831 22 4935
2 21 4933 22 5568
2 21 4942 22 5582
2 21 5088 22 5648
2 21 5203 22 5962
2 21 5224 22 5972
2 21 5320 22 5465
2 21 5325 22 5469
2 21 5326 22 5468
2 21 5337 22 5484
2 21 5346 22 5857
2 21 5381 22 4949
2 21 5538 22 5931
2 21 5540 22 5933
2 21 5675 22 6013
2 21 5676 22 4912
2 21 5677 22 5868
2 21 5705 22 6035
2 21 5847 22 6098
2 21 5882 22 6127
2 21 5970 22 6185
2 21 5971 22 6186
2 21 5977 22 6191
2 21 6043 22 6249
2 21 6149 22 6295
