0 1
62
649 3434
820 2216
849 3182
1161 2804
1163 2803
1172 2808
1416 214
1477 4309
1512 5216
1760 1369
1779 404
1795 4184
1893 6262
2133 4012
2409 4037
2410 4038
2422 4047
2588 3010
2604 4213
2782 3376
2903 404
2968 5107
3017 2219
3659 5642
3824 5073
3981 630
4038 3284
4088 5936
4459 1678
4691 1659
4713 5625
4781 5291
4798 3058
4938 3507
5054 5625
5216 6077
5229 5079
5259 5717
5383 5084
5440 4627
5593 6361
5647 5178
5648 5218
5649 6124
5729 5277
5731 5307
5740 5799
5745 5282
5761 5285
5772 5812
5835 5084
5859 6075
5870 6089
5885 6107
5901 5794
5915 5808
5969 6598
6001 6126
6047 6497
6056 5216
6057 6250
6066 6674
0 2
218
6 3595
44 43
62 65
263 316
390 466
397 476
431 1857
551 534
604 2014
789 593
1162 2730
1163 1468
1172 2740
1179 1480
1290 2602
1353 4048
1362 2882
1474 5408
1512 5825
1532 3044
1549 1872
1550 3063
1655 3172
1783 2008
2409 2721
2410 2722
2417 1461
2419 3893
2421 1471
2422 3894
2423 3895
2430 2721
2587 1650
2589 4058
2592 4041
2604 2904
2669 2980
2721 3076
2728 3055
2729 4172
2741 3089
2761 3094
2777 3115
2831 4251
2832 3103
2930 3264
2939 3272
3006 3351
3013 2231
3059 3391
3496 2740
3505 4763
3523 3934
3560 3953
3599 3970
3600 3971
3611 3977
3729 4888
3763 4128
3779 4143
3788 4174
3806 4163
3811 4170
3828 4177
3845 1914
3847 5675
3849 4207
3854 4979
3874 4200
4005 3351
4051 3325
4139 3430
4293 3611
4410 4763
4451 5408
4485 4839
4501 4876
4551 5985
4587 4169
4593 4950
4602 4965
4612 4972
4632 5607
4645 5603
4649 5000
4665 5623
4666 5624
4667 4265
4671 4991
4672 4992
4706 5033
4710 5043
4714 5051
4715 5671
4720 5671
4722 5051
4731 5684
4750 5060
4789 4308
4791 4308
4808 5179
4809 5059
4858 4374
4923 4483
4932 4491
4948 3540
4991 4522
5048 5919
5117 5480
5118 5481
5120 5475
5158 345
5173 5553
5190 5572
5216 5608
5221 5620
5229 4968
5236 6031
5241 4999
5251 5628
5255 5016
5257 5655
5259 5015
5262 5649
5292 5045
5328 6106
5354 6131
5381 4493
5383 5999
5384 5166
5385 5167
5389 5183
5396 5184
5408 5189
5414 5226
5421 5892
5440 4575
5442 5250
5487 5919
5496 6184
5532 6198
5548 5487
5592 6000
5597 6011
5602 5605
5604 6239
5607 517
5610 6242
5618 6252
5625 6033
5627 6247
5629 5016
5630 4995
5634 6038
5639 5020
5640 5021
5641 5639
5647 6044
5649 6053
5683 5724
5686 6131
5695 1399
5713 6148
5722 5728
5723 5180
5729 5206
5730 5753
5735 5191
5740 5776
5758 5801
5761 5235
5764 5232
5772 5807
5774 5830
5792 6185
5795 3595
5797 5945
5809 6373
5819 6209
5820 6384
5832 3003
5833 6399
5835 5999
5852 6258
5854 6259
5858 6054
5895 6078
5906 5783
5914 6116
5916 6123
5931 6459
5963 6400
5968 6251
5978 6517
5980 6267
5998 6284
6012 6459
6025 6503
6032 6473
6047 6411
6053 6422
6054 6426
6066 6530
6070 6509
6079 6515
6084 6490
6095 6531
6111 6512
6112 6514
6115 6487
6118 6153
6132 6580
6144 6577
6148 6586
6149 6581
6154 6601
6162 6601
6164 6597
1 2
164
41 64
51 1484
293 389
309 6130
1381 46
1382 47
1386 50
1389 57
1390 58
1394 63
1400 68
1511 172
1592 280
1925 2068
2160 3484
2794 1456
2801 1461
2805 2730
2808 2740
2809 1471
2917 3991
3009 250
3010 2890
3019 2893
3064 1682
3077 6538
3155 2996
3179 3237
3230 3159
3352 3091
3434 736
3439 2158
3480 3430
3517 3219
4037 2721
4038 2722
4120 3991
4213 2904
4270 2983
4280 4421
4285 4291
4297 4290
4327 5057
4338 4316
4348 5042
4577 5230
4624 5298
4928 6130
5025 2602
5033 2868
5036 4867
5050 4088
5072 5648
5076 4069
5084 5999
5087 4093
5098 2980
5122 3595
5136 4170
5179 4239
5181 4243
5187 4245
5216 5825
5254 5060
5270 5200
5277 5206
5280 5224
5285 5235
5313 5849
5375 5287
5419 5348
5428 5359
5509 3524
5562 4763
5610 4820
5611 4843
5621 4851
5622 4852
5633 4864
5644 5475
5664 4891
5682 5524
5693 6041
5704 5572
5711 6050
5717 5015
5729 6058
5735 4972
5738 4979
5742 6049
5748 5693
5755 5008
5768 6089
5774 5679
5776 4265
5779 5726
5799 5776
5820 5801
5875 6166
5877 5869
5994 6196
6009 5483
6011 5475
6025 5975
6032 5524
6053 6023
6055 6029
6063 5580
6077 5608
6081 4972
6089 6268
6091 6072
6097 5621
6108 5657
6109 5619
6110 5620
6117 5623
6118 5624
6122 4265
6124 6053
6139 6117
6148 6308
6158 6317
6176 6337
6177 6329
6178 6147
6191 6165
6246 5179
6262 5102
6265 5761
6282 5919
6326 6535
6345 6256
6354 6412
6356 6035
6361 6007
6367 5600
6368 6270
6369 6270
6371 6417
6374 6288
6376 6284
6380 6422
6413 6345
6416 6324
6418 6335
6420 6343
6424 6341
6458 6185
6466 3974
6489 6411
6495 6242
6496 6243
6520 6443
6522 6449
6526 6452
6571 6383
6584 6401
6629 6463
6631 6538
6638 6546
6664 6547
6674 6530
6702 6587
0 3
45
44 1733
56 466
78 1525
397 4463
414 6177
788 1512
1161 3071
1162 3072
1163 3070
1190 1720
1312 4715
1365 754
1477 4415
1768 1525
1778 5337
1807 5466
1810 2358
1873 2883
1893 5296
2061 2344
2403 1724
2414 3063
2419 4112
2421 3074
2422 4114
2430 3079
2903 2086
3503 4925
3506 4097
4284 3353
4411 4097
4587 5673
4638 5046
5048 5852
5210 5466
5289 1864
5487 5852
5795 5661
5918 5732
5931 6322
6001 5977
6005 3490
6012 6322
6056 3751
6066 6411
1 3
115
400 2078
404 2086
587 2356
652 2378
686 2438
687 2439
696 2470
1349 435
1356 1720
1381 1741
1382 1742
1386 458
1400 3079
1500 3231
1604 5995
1724 3411
1727 3411
1731 3411
1734 6288
1756 5203
1864 3539
1899 1525
1971 3589
2018 5537
2052 2422
2091 4479
2231 2508
2766 1525
2800 3066
2801 3067
2803 3070
2804 3071
2805 3072
2809 3074
2813 3079
3062 3354
3143 1512
3196 3490
3284 3433
3297 4445
3388 4512
3441 4525
3453 4559
3454 4560
3473 4549
3474 4603
3475 4598
3535 5258
3961 2568
4037 4097
4038 4098
4045 4112
4047 4114
4189 4249
4309 4415
4326 851
4330 4338
4458 5213
4467 5217
4540 5755
4573 4810
4576 5310
4779 3430
5025 2997
5044 5031
5070 5071
5099 5091
5106 4433
5179 5175
5188 5177
5193 5980
5208 5718
5277 5193
5642 5907
5644 5909
5724 5963
5731 5974
5735 5697
5763 6004
5770 6009
5777 6178
5939 1502
5961 5852
6011 5909
6025 5920
6059 5938
6062 5958
6063 5959
6077 6149
6105 6166
6106 6167
6109 6170
6110 6171
6117 6173
6118 6174
6122 6177
6123 6178
6126 5977
6178 6011
6262 5296
6282 5852
6349 6139
6363 6273
6364 6274
6424 6034
6445 3293
6500 6391
6520 6191
6589 6279
6597 6290
6617 1525
6670 6430
6674 6411
6678 6434
6695 6442
2 3
46
29 435
45 1736
46 1741
47 1742
57 464
62 1753
63 472
368 3411
369 3411
476 4463
517 830
544 1799
610 2086
1435 1720
1456 3063
1471 3074
1834 4447
1921 5394
2664 5165
2730 3072
2740 3075
2765 3293
3152 1573
3594 6312
3893 4112
3894 4114
4169 5673
4950 5684
4972 5697
5038 5753
5208 3711
5462 6250
5475 5909
5619 6170
5620 6171
5629 2314
5859 5279
5919 5852
5923 5860
5924 5861
6041 5609
6142 5739
6510 3293
6530 6411
6541 6312
6549 5742
0 4
19
6 5736
1312 539
1740 722
1768 6296
1778 6176
3045 6024
3075 5709
4647 3540
5115 2929
5210 5757
5228 1884
5383 3491
5615 1884
5795 5736
5832 5757
5835 3491
6042 360
6056 4542
6059 4689
1 4
29
341 6023
1436 1404
1734 3022
1830 3078
2097 86
2603 4804
2710 4118
3176 6023
3375 5020
3561 4455
4280 2928
4320 5018
5084 3491
5101 722
5106 722
5358 3862
5607 5793
5677 4930
5693 5483
6002 6056
6044 5483
6045 5483
6313 6296
6340 5458
6520 5113
6544 3679
6550 5616
6598 1602
6617 6296
2 4
22
1 1109
19 1109
24 1109
1796 3022
1816 3022
2164 4401
2664 86
3003 5757
3219 996
3595 5736
4421 2928
5019 6307
5509 86
5655 6376
5838 6230
5999 3491
6027 5483
6390 5757
6443 5113
6510 444
6540 1548
6557 3022
3 4
48
821 4447
1149 3643
1519 5412
2237 760
2419 5224
2420 5225
2433 2155
2669 4231
3149 1592
3293 444
3490 3433
3648 4468
3672 5703
3711 4061
3751 4542
3970 4498
3971 3785
4214 4697
4501 5757
4532 4455
4715 539
4805 3022
4810 3862
5165 86
5174 5638
5210 4468
5212 444
5260 4238
5298 3352
5358 6168
5466 5757
5566 2036
5607 5483
5609 5483
5660 3540
5671 6143
5742 4413
5782 4405
5855 571
5981 5919
6097 3693
6148 5016
6191 5113
6288 3022
6315 3822
6394 6365
6418 6428
6440 6319
0 5
25
154 4066
415 3601
1101 2634
1794 3899
2782 5106
2783 6144
3635 5311
3895 6488
3972 2696
4029 4719
4082 6413
4381 4745
4628 5170
4653 5170
4673 178
5224 5170
5229 5170
5236 6705
5314 5101
5600 4745
5886 6380
5989 6682
6043 3107
6059 1
6154 5051
1 5
29
291 148
587 5542
649 4716
652 5510
1604 5398
2269 2410
2766 5418
3089 1405
3284 3258
3297 6318
3376 5106
4517 6345
5025 5002
5068 5821
5149 6491
5254 5994
5281 6004
5358 4198
5407 5821
5589 6157
5758 5415
5976 3984
6003 447
6009 6437
6038 5803
6445 5350
6471 4338
6491 6270
6631 6567
2 5
16
774 2363
1233 5398
1818 5106
1862 2136
1967 1594
3075 6277
4220 4309
4600 311
4968 5170
5151 3377
5208 4596
5258 3575
5473 2899
6355 5398
6478 5419
6554 5461
3 5
66
113 2666
900 1934
1055 5540
1104 492
1114 4762
1120 4846
1173 5821
1194 2608
1525 5418
1675 2320
1958 4066
1978 5803
1986 6333
2356 5542
2416 5525
2560 4720
2768 2257
2871 4921
3306 5878
3521 5474
3568 2178
3578 5513
3586 5516
3625 3750
3626 3751
3691 5821
3711 4596
3934 1190
3948 4252
3969 6277
4214 1672
4248 5418
4254 4337
4350 6277
4445 6318
4534 6347
4716 6461
4911 4930
4953 4079
4991 5089
5009 6433
5033 5878
5086 4361
5136 5991
5164 5419
5178 6503
5191 4528
5198 6518
5232 6349
5233 6354
5456 6008
5655 5463
5656 6476
5671 6478
5698 5308
5702 3750
5703 3751
5912 5878
5995 5398
6259 6581
6339 6581
6394 6708
6446 6764
6447 6765
6452 0
6455 6769
4 5
180
615 2012
616 2013
621 5398
625 3260
983 1101
1064 1288
1125 1355
1545 2888
1593 1685
1710 3751
1711 3750
1721 3148
2057 2331
2063 3616
2229 2462
2241 2463
2335 5591
2599 2683
2669 2708
2703 2683
2891 4148
3010 4317
3070 4416
3078 4426
3100 3190
3101 3191
3190 4434
3230 4584
3315 4665
3333 3604
3359 3658
3362 4671
3401 4742
3455 3712
3480 3713
3538 4763
3557 3814
3584 3899
3597 3833
3605 3839
3622 4629
3642 3901
3851 3969
3854 3985
3859 4916
3861 3974
3862 4198
3863 4915
3875 4923
4016 5033
4046 5072
4108 5115
4117 4238
4126 4323
4157 4337
4170 5170
4197 5202
4258 5308
4341 5417
4346 5434
4401 4673
4444 4626
4484 3712
4500 4712
4508 4708
4521 4721
4525 4740
4533 4760
4558 4764
4597 4805
4600 4827
4601 4828
4619 4824
4621 4833
4667 3899
4697 1672
4751 4881
4776 6105
4784 5660
4904 5755
4937 5757
4950 5158
4954 4243
4971 5170
4987 5189
5007 5843
5008 5882
5009 5221
5011 5888
5073 5962
5081 5442
5092 5423
5096 5974
5122 5379
5138 6011
5186 5482
5201 6010
5236 5552
5237 5553
5249 4793
5367 6101
5373 6104
5379 6105
5446 6162
5481 5779
5487 3751
5488 3750
5494 5108
5495 5109
5513 6221
5518 6230
5547 5842
5581 5905
5601 5445
5636 6316
5669 6055
5713 2519
5740 4897
5811 6162
5834 6198
5835 6418
5836 6419
5838 6436
5842 6215
5850 6442
5851 6443
5854 4337
5891 6600
5893 6256
5895 6260
5904 6470
5909 6283
5924 5942
5941 6488
5944 6316
5949 6302
5964 6326
5972 6331
5989 6347
6045 5418
6096 6568
6100 6563
6101 6430
6140 6602
6142 6475
6143 6478
6212 6625
6216 6634
6231 6558
6232 6162
6238 6651
6257 6662
6273 6606
6276 6609
6296 5418
6305 6690
6306 6691
6360 6740
6361 6699
6365 6708
6368 6705
6369 6706
6379 6748
6383 5930
6387 6690
6388 6691
6397 6735
6413 6758
6424 6752
6426 6767
6427 6768
6428 6771
6434 6770
6435 6772
6446 6788
6448 6790
6452 6795
6453 6796
6455 6793
6456 6795
0 6
29
6 2998
78 943
1290 192
1512 4779
2782 5445
2880 1266
2884 5181
2994 5034
3043 5753
3454 1374
3761 1234
4051 5876
4600 2460
4647 5181
4691 565
4716 3353
5019 4211
5054 5277
5171 6079
5186 5181
5210 5851
5211 5848
5383 942
5795 2998
5832 5851
5835 942
5902 3505
6044 5753
6059 4211
1 6
35
490 3500
649 5411
791 2320
1604 1657
1659 565
1734 3460
1744 5172
1830 2980
2205 3460
2710 2988
2766 943
2835 191
3008 4495
3077 5181
3376 5445
3578 3307
4012 192
4394 5908
4715 2140
4971 4467
5025 192
5060 1420
5084 942
5128 3142
5358 3594
5406 3764
5407 3460
5984 5034
6047 3459
6243 5825
6262 4950
6356 6078
6470 3820
6471 3819
6617 943
2 6
28
401 3031
544 5172
1662 2652
1816 3460
2255 4240
2602 192
2878 2150
2927 1234
3195 1713
3496 3210
3595 2998
4351 3594
4455 5181
5102 4950
5109 2989
5208 5753
5408 5940
5644 5825
5726 3023
5780 3064
5825 4779
5999 942
6035 6078
6071 2957
6273 3948
6390 5851
6479 973
6517 5790
3 6
36
412 3581
604 1187
736 3660
770 3004
1474 1322
1525 943
1634 1374
1967 3309
3168 2947
3914 3594
4048 2432
4173 5094
4185 2947
4307 2652
4334 2900
4501 5851
4805 3460
5022 4725
5174 5830
5219 5181
5260 5014
5358 6005
5456 5825
5660 5181
5661 2998
5671 5908
5678 5908
5712 3064
5742 5327
5772 5825
6016 5988
6097 5941
6098 3764
6119 5529
6288 3460
6378 5181
4 6
144
87 5980
348 1558
527 1877
811 950
853 950
861 2154
872 972
1563 366
1569 365
1570 366
1917 3215
1921 1879
1922 1880
1931 788
1998 4076
2174 992
2225 3351
2253 4956
2254 4957
2556 1658
2798 326
2965 2820
2967 4502
3021 591
3028 2897
3078 2980
3111 4074
3180 3025
3224 3064
3351 2053
3425 4324
3454 4923
3455 4937
3475 4956
3476 4957
3491 942
3492 5848
3540 5181
3622 5473
3692 5181
3693 5941
3811 2543
3814 2550
3815 2551
3932 1527
3967 349
3969 350
4098 3860
4118 2988
4126 3894
4136 2884
4222 5281
4226 5270
4238 5014
4258 3988
4329 4145
4405 3170
4413 5327
4472 1374
4477 4899
4482 4901
4485 5820
4671 4975
4689 4211
4756 3669
4796 4518
4874 4564
4885 4579
4937 3826
4947 3854
4953 3870
4971 4713
5006 4771
5070 4778
5079 4129
5122 5621
5127 4780
5166 4799
5182 5643
5183 5643
5363 4472
5365 4473
5403 3688
5464 5150
5483 5194
5489 4644
5513 5205
5544 5574
5547 5578
5551 5584
5633 5657
5636 5645
5637 1658
5638 5830
5702 3309
5736 2998
5746 5453
5752 4473
5757 5851
5770 5067
5771 5065
5772 5066
5781 5089
5784 3482
5814 5143
5838 5536
5842 5197
5885 5572
5891 5782
5902 5802
5904 5799
5909 5801
5923 5800
5927 5803
5928 2053
5944 5645
6045 943
6055 5716
6068 5725
6114 5768
6128 5900
6143 5908
6168 6005
6203 5711
6238 5882
6244 5967
6249 5970
6268 5977
6296 943
6305 5955
6306 5956
6308 5848
6341 5938
6345 6006
6349 5954
6362 6055
6365 6053
6413 6068
6422 6064
6424 6078
6425 6079
6426 6076
6427 6077
6446 6095
5 6
67
127 229
563 1757
1028 950
1099 4347
3072 2946
3136 1722
3138 517
3367 942
3381 2994
3450 4829
3570 4903
3971 2998
4002 191
4053 3625
4291 5094
4305 531
4308 2870
4383 5281
4386 4750
4426 2980
4534 4175
4596 5753
4711 4972
4712 4973
4716 5411
4897 5825
5025 5094
5137 5181
5147 4644
5167 2863
5202 5251
5221 5258
5308 3988
5418 943
5445 4839
5468 4834
5596 4829
5644 4501
5670 4518
5702 6038
5708 2998
5757 3826
5843 5584
5882 3950
6000 5657
6008 5825
6215 5197
6240 5784
6277 5181
6283 5801
6298 5604
6313 5830
6316 5645
6328 1658
6399 1848
6413 5877
6467 5572
6470 5799
6478 5908
6482 5796
6493 3505
6603 5902
6705 6070
6706 6071
6729 5181
6752 6078
6753 6079
1 7
32
519 2891
649 5148
1604 5525
1734 5416
1830 395
2867 5773
3517 4366
3935 3493
4255 1795
4362 3757
5069 5348
5079 4957
5083 3798
5092 219
5216 1976
5224 2767
5341 2720
5568 2891
5589 599
5677 4952
5698 2352
5973 2891
5991 5775
6038 4934
6314 2880
6326 5398
6445 469
6470 1795
6491 4081
6544 348
6653 5683
6654 5684
2 7
21
1233 5525
1399 4671
1861 599
2074 262
2176 3126
2765 469
3219 4366
3528 2767
3529 2880
3806 5095
4272 5464
5060 4463
5208 5662
5289 5790
5629 2109
5644 82
5825 1976
6355 5525
6419 5683
6468 2880
6539 2839
3 7
30
1336 1906
1524 2720
1978 4934
2314 2109
2535 5160
2572 1763
2678 5775
2709 686
3293 469
3550 5538
3970 5775
4127 3422
4210 1545
4254 1795
4311 4972
4588 3798
4875 5775
5260 741
5456 82
5637 4477
5772 82
5815 4124
5843 3798
5872 3798
5995 5525
6097 2720
6101 2880
6217 5348
6288 5416
6311 5348
4 7
39
440 1795
441 1796
462 535
575 1795
776 3344
1109 3336
1367 4671
2026 2690
2153 4696
3078 395
3222 4444
3679 348
3693 2720
3900 3385
4157 1795
4158 1796
4179 82
4238 741
4498 5775
4739 5775
4745 4793
4779 4554
4883 4793
4947 3598
4982 4982
5183 5372
5502 4260
5513 4919
5784 2880
5854 1795
5855 1796
5887 4945
5890 5796
5944 5382
6114 5511
6197 5303
6249 5829
6424 5851
6425 5852
5 7
38
1 3383
1950 2599
2296 2109
2634 0
2710 2352
3223 2968
3454 2816
3856 2816
4002 3742
4337 1795
4338 1796
4426 395
4445 5398
4552 1529
4716 5148
4745 5398
5002 3384
5057 2880
5186 4982
5350 469
5398 5525
5475 5611
5502 5168
5751 209
5803 4934
5848 3657
5877 1795
5994 4463
6004 5046
6008 82
6270 4081
6283 5570
6313 5606
6316 5382
6339 4366
6475 5689
6689 5816
6752 5851
6 7
76
280 4698
438 1795
439 1796
973 5756
1657 5525
1722 264
2294 2816
2652 219
2961 1563
2980 395
2999 3798
3100 3831
3121 5348
3184 2949
3204 5683
3353 4565
3482 2880
3820 1795
3854 3598
3860 2626
4005 1795
4040 3747
4156 4464
4342 4045
4490 3336
4499 3336
4514 4138
4709 4957
4806 4464
4821 3855
4846 5017
4937 4616
4982 5442
5085 5193
5167 4841
5197 4905
5205 4919
5215 4895
5241 4982
5276 3798
5310 5686
5323 5339
5363 4554
5373 5087
5411 5148
5464 5192
5468 5455
5508 5230
5575 5545
5578 5539
5610 5339
5617 5346
5645 5382
5710 2109
5724 5453
5733 4671
5789 5683
5801 5570
5825 82
5830 5606
5857 5627
5858 5624
5941 2720
5944 5627
5945 5723
5946 5724
5970 5829
5977 5696
5979 348
5991 348
6015 5735
6038 5813
6069 5842
6078 5851
6079 5852
6097 5869
0 8
24
710 4967
788 4252
1290 2690
1577 1763
1790 5538
1793 5538
1938 3861
1939 3862
2116 1416
2806 1128
2994 5605
3009 2981
3017 2981
4381 5598
4676 5598
4750 2922
5019 606
5054 4272
5208 5309
5860 4272
5933 243
5940 243
5993 1888
6059 606
1 8
27
550 3009
875 1888
1681 5632
1830 4967
2205 2925
2219 2981
2567 5693
2588 1888
3331 1763
3591 4927
4255 3861
4256 3862
4637 3647
5060 3710
5589 5605
5625 4272
5769 5773
5984 5605
6054 4972
6326 5598
6343 2925
6444 3949
6445 5527
6470 3861
6471 3862
6491 4747
6548 2941
3 8
30
1512 4252
2134 3328
2534 1888
2794 1142
3305 3861
3306 3862
3691 2925
3829 1888
3848 1189
4048 2455
4062 5693
4248 4272
4254 3861
4255 3862
4810 3647
5032 3861
5033 3862
5164 5676
5710 5689
5742 4141
5824 3861
5825 3862
5863 4272
5911 3861
5912 3862
6047 2410
6097 5606
6314 2926
6425 3861
6426 3862
4 8
30
440 3861
441 3862
521 3014
575 3861
576 3862
2277 3961
2578 4252
3078 4967
3589 1888
3785 4484
3798 2313
3821 4685
3862 3647
4158 3862
4329 3009
4332 5016
4413 4141
4441 3710
4497 4487
4689 606
4718 4272
4987 4993
5033 3861
5815 3861
5816 3862
5854 3861
5855 3862
6142 5532
6322 3759
6425 5820
5 8
34
1 606
221 4437
296 184
2170 3862
2537 1936
3136 4498
3751 5559
3825 3961
3917 4272
4202 1955
4294 3771
4337 3861
4338 3862
4490 4689
4745 5598
5002 2690
5106 2925
5309 5016
5350 5527
5419 5676
5510 5122
5834 5319
5877 3861
5878 3862
6157 5605
6270 4747
6399 2469
6413 5716
6478 5534
6483 1661
6644 5605
6687 5605
6752 5819
6753 5820
6 8
47
1 606
438 3861
543 4991
1848 2469
2432 2455
2700 4947
2980 4967
3120 5693
3157 3833
3266 2922
3460 2925
3616 2313
3623 2556
3624 2557
3637 2582
3819 3862
3820 3861
4005 3861
4006 3862
4211 606
4476 3579
4704 3961
4749 4972
4779 5689
4801 1878
5046 4291
5062 4303
5085 3614
5233 5312
5277 4272
5363 5051
5449 4821
5466 4316
5468 4854
5573 4178
5575 5519
5683 5676
5703 5214
5857 5479
5858 5480
5945 5618
5946 5619
6001 5706
6007 5708
6037 5787
6078 5819
6079 5820
7 8
55
227 488
395 4967
823 530
1002 1970
1020 2274
1037 1084
1375 1567
1795 3861
2855 2242
3123 3140
3252 3267
3265 4093
3273 4060
3383 606
3384 2690
3785 4458
3839 3795
3876 4084
4056 5559
4057 5560
4403 3838
4417 3856
4420 4972
4663 5125
4748 4319
4964 4491
5017 5006
5087 5061
5121 5559
5122 5560
5157 5130
5192 4307
5298 4461
5384 5384
5385 5385
5404 5559
5405 5560
5455 4854
5539 5517
5544 5521
5545 5519
5570 5530
5624 5480
5628 5478
5636 5250
5677 5641
5721 5617
5722 5725
5723 5618
5724 5619
5827 5755
5851 5819
5852 5820
5861 5828
5871 5836
0 9
21
415 2969
1511 3492
1622 716
1694 963
1778 2577
1800 3064
1807 6031
2555 5970
2782 4499
3016 1965
3075 1995
3558 3140
3785 4145
4116 646
4381 5591
4523 4074
4647 5434
4772 4836
5019 1941
5208 5308
5600 5591
1 9
23
1258 5591
1659 5689
1660 5690
1830 4771
3375 4589
3376 4499
3447 4074
3547 3493
3812 2231
4728 3276
4859 5756
5059 2146
5069 3493
5406 5031
5749 5474
6003 3836
6044 4687
6045 4687
6326 5591
6336 5639
6356 6068
6375 3493
6466 2231
4 9
25
195 5965
2233 3270
3217 4074
3401 4776
3492 2816
3540 5434
3679 3389
3822 5031
4118 5628
4415 4066
4422 3088
4428 4066
4975 5293
4987 5329
5513 4719
5572 1995
5709 1995
5720 1995
5740 6017
5914 5669
5990 5698
6058 1192
6114 5590
6176 2577
6308 2816
5 9
33
1 1941
447 3836
1131 3
1133 3
1563 129
1707 180
1836 4074
1910 1796
2296 3493
3105 3493
3751 5689
3794 5619
3982 2975
4742 4776
4745 5591
5002 5640
5106 4499
5176 5308
5189 5329
5351 5804
5419 1916
5468 4784
5703 3493
5909 4589
5950 5669
6015 2026
6106 3493
6277 5434
6283 5660
6286 5669
6413 2231
6493 6002
6687 3232
6 9
40
71 3190
438 1373
565 5689
1881 1922
2794 5163
2988 5628
3039 5799
3120 5326
3399 5975
3505 6002
3637 2552
4612 3893
4640 3918
4676 2881
4834 4784
4838 3088
4926 5938
5034 3232
5176 4687
5181 5434
5197 4706
5223 5293
5445 4499
5468 5488
5575 5645
5710 3493
5762 5546
5801 5660
5848 2816
5857 5743
5858 5869
5870 3493
5877 2231
5941 3413
5945 5874
5979 3389
5991 3389
6007 5949
6078 6068
6079 6069
7 9
69
445 5434
562 4117
1417 1683
1976 3391
2429 3196
2690 3108
2922 3215
2962 3198
2985 1995
3757 5088
3798 3414
3838 4160
3876 1386
3937 4965
4056 5689
4057 5690
4137 4496
4142 3718
4334 4706
4415 5266
4467 4170
4514 5422
4523 2042
4616 4955
4877 4644
4883 5192
4905 4706
4906 4667
4962 5624
4967 5301
4972 5309
4984 5637
5003 4112
5017 5318
5046 2026
5088 5408
5121 5689
5122 5690
5261 5192
5348 3493
5455 5488
5490 5191
5497 5552
5502 5557
5511 5590
5545 5645
5570 5660
5577 6002
5600 5410
5624 5869
5627 5743
5628 5487
5640 5494
5694 5931
5696 5932
5721 5868
5723 5874
5724 5875
5725 5745
5785 5541
5828 6033
5833 6056
5841 6033
5842 6034
5843 6056
5851 6068
5852 6069
5859 6081
5860 6082
8 9
83
643 2048
1342 80
1352 5033
2556 3639
2557 3640
2652 5075
2690 5640
2776 3088
2826 3109
2865 5410
3048 4066
3102 4263
3132 3328
3136 3328
3486 3642
3517 3615
3524 2513
4083 3109
4084 1386
4263 5008
4270 4455
4274 3617
4275 3620
4276 5015
4306 5060
4442 4649
4524 5651
4555 3088
4562 3115
4607 4901
4796 5006
4817 4446
4834 5037
4854 5488
4856 5070
4857 5069
4945 4731
4967 4771
4971 2225
5077 4955
5204 5018
5214 5461
5215 5462
5220 5465
5230 3633
5237 5481
5317 5328
5319 5645
5352 5816
5362 5836
5471 5725
5478 5487
5479 5743
5480 5869
5519 5645
5532 5816
5538 5676
5539 5823
5559 5689
5560 5690
5598 5591
5605 3232
5617 5868
5618 5874
5619 5875
5622 5745
5626 5950
5630 5881
5656 2577
5664 3088
5676 1916
5693 5326
5708 5949
5709 5952
5719 6005
5729 5410
5748 5990
5751 5991
5803 6043
5804 6042
5818 6059
5819 6068
5820 6069
0 10
24
6 2961
81 32
200 4433
259 3518
788 1468
789 3554
865 2558
1706 2865
1892 5998
3075 4826
3103 2970
3891 2865
4220 2390
4621 2961
4647 3899
4653 5284
4691 5384
4713 4150
4856 5892
5032 289
5314 5268
5728 1737
5733 1737
5795 2961
1 10
19
348 422
393 4621
1266 508
1659 5384
2205 3819
2567 3148
2588 2071
2766 4826
3117 6019
3376 3819
4255 3880
5122 2961
6037 5998
6382 6082
6444 3250
6470 3880
6544 1638
6631 5998
6634 3880
2 10
17
67 5892
88 5892
116 5892
126 5892
131 5892
593 3554
1233 5963
1333 5077
1637 4904
1818 3819
3075 3899
3595 2961
4288 6036
4455 3899
5542 6149
6432 5943
6468 4838
3 10
32
809 1989
2231 464
2353 61
2508 4046
3305 3880
3306 2865
3626 3895
3660 2961
3751 3143
3969 3899
3970 4045
4062 3148
4254 3880
4255 2865
4350 3899
4428 3148
4476 2399
4650 5499
4805 3819
4808 4681
5441 3180
5637 5764
5661 2961
5703 3895
5809 4681
5824 3880
5825 2865
5855 4150
6030 6045
6098 5542
6128 5764
6314 1638
4 10
38
87 3148
286 1191
440 3880
444 5942
571 4150
575 3880
576 2865
621 5963
1127 3531
1710 3895
1711 3894
2556 3148
2856 5163
3195 5904
3492 2962
3540 3899
3679 1638
3692 3899
3693 4299
3821 5963
4498 4045
4542 3143
4676 5005
4804 1627
5171 2836
5182 5354
5637 3148
5709 4826
5725 5500
5736 2961
5784 4838
5815 3880
5854 3880
5855 2865
5914 5744
6144 3148
6200 5542
6305 3880
5 10
45
482 6055
498 5455
563 3042
1166 3459
1168 3446
1853 4045
2074 3143
2169 62
2501 4322
2586 3506
3782 4291
3783 4290
3794 2961
3811 4317
4113 4037
4337 3880
4444 3135
4743 5508
4751 4982
4755 4985
4772 4997
5106 3819
5107 3900
5182 5326
5396 4822
5517 5795
5786 3900
5876 5892
5877 3880
5878 2865
5909 3135
5939 1713
5950 5744
5953 422
6032 5971
6088 2962
6099 3148
6104 1699
6106 4882
6277 3899
6283 5936
6286 5744
6326 6049
6328 3148
6567 5998
6 10
17
399 2635
438 3880
1658 3148
2754 1627
2915 3831
2998 2961
3353 6122
3765 4150
3820 3880
4005 3880
4006 2865
5363 5354
5414 5163
5643 5354
5699 1627
5955 3880
5991 1638
7 10
27
348 1638
445 3899
1068 973
1497 1627
1795 3880
1924 422
2880 4838
3692 3055
3727 5892
3815 778
3863 4848
3876 3251
4287 3730
4415 5284
4467 3048
4565 6122
4651 2043
4672 3554
4877 4556
4984 5714
5087 5364
5095 1627
5561 4653
5570 5936
5657 3880
5742 2686
5816 5667
8 10
25
621 1732
1434 3685
2095 2012
2272 252
2641 5942
2652 5053
2950 252
2998 2948
3102 4242
3625 3571
3647 3813
3861 3880
3862 2865
3909 3174
3949 3250
4647 5417
4685 5963
4687 5942
5005 5743
5174 5667
5350 3999
5352 5937
5532 5937
5538 6035
5820 6166
9 10
94
410 1388
780 1779
1026 2961
1486 2412
1628 2607
1629 2608
1691 1404
1725 1424
1995 4826
2356 1969
2589 3242
2833 3727
2871 1402
2900 2670
2951 1462
3008 5892
3018 2719
3023 1509
3028 1513
3085 2843
3219 4101
3236 2428
3240 1800
3694 2607
3730 3567
3736 3568
3902 3703
3904 3727
3966 3769
3983 3775
4023 3797
4114 4756
4140 3997
4263 4242
4352 3148
4442 1191
4457 2961
4499 3819
4589 3135
4623 1388
4640 4526
4644 4556
4648 4538
4653 3739
4675 4566
4681 4594
4689 3762
4697 4630
4698 4598
4714 4607
5075 5053
5156 2607
5164 5163
5192 5177
5199 5175
5207 5613
5216 5187
5221 5195
5229 5196
5266 5284
5292 5282
5313 5283
5326 3148
5378 5364
5492 5833
5532 2607
5545 5149
5637 5714
5660 5936
5669 5744
5689 5384
5690 5385
5764 5847
5770 5854
5775 5588
5776 5866
5778 5605
5816 5937
5826 6037
5878 5981
5905 5866
5935 6037
5990 6055
5998 6101
6002 4635
6005 6141
6008 6112
6022 6146
6027 6134
6037 6140
6052 6137
6069 6166
6072 6171
6081 6173
0 11
20
466 1911
1291 5435
1456 4285
1512 2597
1706 1600
1807 3709
2553 5360
3530 1705
3573 1384
3891 1600
3899 5435
4717 5315
4798 4342
5061 648
5250 238
5289 2095
5795 2614
5876 4008
5976 5582
6043 4583
1 11
20
122 1911
232 2087
649 5080
776 1911
1659 4557
2097 1726
2205 3761
2805 2097
3058 4342
3230 1600
3376 3761
4574 5435
5354 5502
5789 5628
5940 2572
6061 5594
6109 2563
6250 4012
6265 4947
6313 1385
3 11
22
1104 3760
1474 288
1986 2597
2008 5638
2540 3029
3778 1846
3980 4655
4719 467
4767 467
4917 5627
5260 3645
5659 5136
5660 5368
5717 4599
5855 5654
5863 4429
6016 5329
6048 5679
6170 2563
6212 5136
6311 3121
6312 5654
4 11
23
86 1726
87 765
433 1911
453 4459
1052 3986
1180 1029
2036 3131
2790 3369
2856 1077
3456 3818
3537 4644
3862 4234
4179 670
4238 3645
4739 2614
5182 5316
5571 3518
5736 2614
5902 3176
6045 5318
6144 765
6153 4012
6308 4967
5 11
43
0 2168
488 992
588 5565
698 2597
876 2594
1190 467
1192 3211
1353 2145
2534 3220
2970 1077
3183 667
3455 3176
3695 5049
3744 1850
3770 4025
3783 4629
3807 4644
4068 3369
4085 3369
4490 3017
4596 5086
4715 5081
4746 4625
4751 4635
4772 4649
4828 4676
5001 3431
5101 3708
5106 3761
5351 4342
5488 4455
5510 5081
5591 4591
5708 2614
5949 2427
6028 5539
6099 765
6283 5509
6333 2597
6415 4012
6478 5507
6496 1712
6687 4433
7 11
32
82 670
741 3645
1037 939
1350 3467
1816 3685
2598 1316
2767 3271
3596 2390
3600 2388
3686 3521
3695 3617
3798 1705
4056 4557
4057 4558
4294 4250
4307 4259
4405 4901
4591 5021
4671 594
4877 4805
4972 399
5081 4519
5121 4557
5148 5080
5182 4657
5372 5322
5497 5445
5499 5217
5570 5509
5608 5336
5787 714
5817 4901
8 11
28
243 4108
351 390
801 3518
1084 939
1877 1702
2641 4599
2859 86
2926 1553
3003 479
3244 1712
3319 2021
3773 390
3839 3677
4272 4429
4404 1485
4414 4018
4419 1485
4540 5618
4689 3017
5121 5080
5230 4018
5352 5514
5399 4342
5406 5080
5532 5514
5534 5507
5559 4557
5580 4011
9 11
82
172 2597
1026 2614
1098 992
1280 4631
1400 1603
1690 2427
1702 1279
1912 5049
2134 1831
2833 3448
2860 2388
2933 1267
3023 1326
3037 2454
3109 4342
3444 1813
3461 3854
3633 4018
3757 4092
3902 3390
3904 3448
3937 3459
3949 3447
3958 2364
3962 3476
3986 4284
4019 2426
4041 2454
4074 2507
4151 1626
4207 5106
4285 3854
4499 3761
4530 3285
4644 4805
4646 4208
4672 4252
4675 4232
4681 4257
4689 4237
4695 4256
4715 3478
4716 3479
4822 4438
4828 3845
4924 4521
4955 4564
5183 4769
5193 4821
5199 4793
5207 4791
5216 4802
5221 4247
5225 4815
5229 3450
5550 5446
5552 5445
5554 5217
5556 4790
5559 5210
5561 5216
5583 4810
5619 527
5623 5483
5648 5618
5689 4557
5690 4558
5776 5429
5778 5196
5783 5447
5804 4342
5815 5507
5816 5514
5818 5507
5820 5507
5905 5429
5996 5661
5998 5700
6014 3176
6022 5721
6055 5760
6062 3745
10 11
169
437 467
569 1782
1041 1031
1339 30
1461 2404
1509 1326
1800 1716
1880 2895
2228 2096
2229 2097
2315 2145
2605 2354
2607 3452
2629 2389
2633 2388
2639 2364
2640 2366
2656 1273
2671 3466
2675 2428
2698 2412
2715 1315
2721 1325
2745 2454
2821 2675
2862 4358
2865 1600
2975 2844
3025 4494
3042 3846
3148 765
3174 5106
3513 3236
3703 3390
3712 3407
3727 3448
3735 2373
3740 2390
3743 2364
3758 3456
3762 4237
3769 4248
3778 2428
3894 3684
3895 3685
3924 3634
3929 4415
3938 3667
3939 3718
3950 4432
4005 4494
4062 513
4283 4022
4396 1603
4516 3384
4526 4757
4545 4206
4556 4805
4566 4232
4568 4236
4582 4252
4594 4257
4595 4263
4606 4254
4607 4255
4618 4273
4635 2804
4669 4903
4688 3629
4702 4372
4766 2826
4794 5007
4804 5045
4848 5106
4861 5117
4909 4547
4947 5633
4982 4635
4985 4636
4991 4037
5091 4711
5114 4723
5116 4726
5163 1077
5165 4208
5175 4793
5182 4794
5184 4800
5186 4803
5187 4802
5195 4247
5219 4892
5260 4926
5276 5289
5283 5291
5286 4935
5342 5339
5354 5316
5371 5101
5379 5018
5384 4557
5385 4558
5402 5136
5412 5346
5488 5074
5542 2597
5564 5163
5575 4148
5577 5174
5579 5178
5588 5425
5597 4751
5605 5196
5606 5198
5610 5195
5612 5438
5613 4791
5622 4799
5676 5285
5679 5287
5689 5311
5695 5323
5707 4982
5710 5511
5714 5515
5729 5507
5730 5507
5744 5521
5759 5332
5765 5335
5854 5415
5856 5168
5862 5419
5866 5429
5877 5443
5878 5441
5880 5442
5881 5219
5905 5601
5906 5267
5911 5483
5913 5485
5917 5613
5929 5618
5934 5621
5936 5509
5937 5514
5963 1553
5967 5384
5989 5558
5991 5418
5993 5434
5994 5439
6024 5623
6030 5620
6039 5640
6049 5645
6063 5658
6085 5684
6096 5692
6097 5695
6110 5739
6111 5740
6132 5694
6135 5697
6137 5731
6139 5737
6174 5778
6175 5782
1 12
24
341 4865
404 2979
670 4592
773 4592
780 4592
790 4592
1604 2705
1734 4997
2097 4665
2227 4551
2236 5158
2258 4592
2267 4592
3077 5087
3360 2547
3476 1014
4012 5691
4213 3829
4573 2630
5068 2706
5625 3236
5789 5676
5797 4260
6544 4665
3 12
39
1225 1001
1227 4591
1573 5691
1958 5371
2046 4661
2086 2979
2095 3885
2236 4865
2367 4642
2387 4592
2464 4592
2480 4592
2481 4591
2488 4592
2520 4592
2526 4592
2527 4591
2545 4591
2560 4592
3578 5197
3691 5446
3711 5094
3773 5105
3794 4592
3804 4592
3816 4592
3838 806
4263 5685
4578 5592
5206 4501
5331 4053
5995 2705
6013 5676
6102 4665
6212 5632
6288 4997
6290 5733
6410 3450
6446 3893
4 12
32
86 4665
1086 1091
1116 1094
1730 5094
2229 2980
3022 4997
3247 5427
3455 3089
3622 806
3679 4665
4061 5094
4238 5020
4535 5163
5008 1019
5207 5138
5208 5137
5227 5450
5236 5143
5237 5142
5260 5162
5265 4690
5407 4888
5701 2712
5713 4543
5964 5590
5989 5592
6011 5593
6023 4865
6158 5564
6259 5736
6372 5733
6376 5676
5 12
61
196 1211
296 1969
628 798
1194 2133
1256 852
1269 1094
1273 1097
1296 1091
2172 2659
2456 3297
2462 2980
2501 3183
2589 991
3107 2869
3750 3894
3751 3893
3770 3962
3807 4608
3814 4659
3824 3949
3910 2175
4038 3365
4138 3365
4596 5094
4711 4626
4725 4610
4726 5160
4729 5177
4740 5159
4743 5138
4746 4598
4751 4604
4752 5164
4755 4603
4760 4600
4763 4658
4768 5172
4788 4694
4806 4694
4995 5289
5349 2086
5396 4549
5502 5442
5513 5197
5516 5195
5538 5450
5553 5142
5573 5179
5589 4691
5590 4690
5607 4706
6283 5678
6313 5581
6326 5590
6347 5592
6461 4638
6705 5813
6706 5814
6711 5774
6764 3893
6772 5834
6 12
22
2318 2912
3100 3953
3120 3290
3660 2630
3808 491
3950 1019
4342 3087
4361 3078
4392 4612
4779 3296
4937 3089
4956 3894
4972 4626
4987 4602
5277 3236
5310 5427
5753 5094
5797 5427
5979 4665
5991 4665
6070 5813
6071 5814
7 12
37
348 4665
445 5094
1037 875
2843 5094
2858 3541
3056 2938
3200 2955
3384 5242
3692 3365
3817 3365
3873 4535
4045 3087
4056 3893
4057 3894
4287 3472
4523 1757
4591 5578
4616 3089
4883 4832
4889 4830
4944 5320
4948 3365
5007 4535
5087 5045
5095 5105
5121 3893
5122 3894
5168 5442
5398 5397
5404 3893
5405 3894
5416 4997
5525 2705
5571 5563
5606 5581
5656 2723
5662 5094
9 12
32
1932 1804
1994 4421
2860 2435
2871 2394
2933 1264
3962 4284
3966 4251
4019 2436
4652 4779
4669 4269
4672 4266
4675 4225
4681 3484
4689 3436
4715 4260
4716 4261
4924 5045
4955 3089
5216 4813
5221 4239
5326 3290
5378 5045
5554 5499
5556 5271
5558 5294
5565 5278
5591 3182
5689 3893
5776 5475
5778 5255
5816 5575
5905 5475
10 12
69
206 307
396 5691
403 3182
1335 2287
1388 1334
1461 2405
1721 1724
1773 1743
1782 617
2043 2685
2605 2362
2625 2438
2633 2435
2656 2396
2671 3477
3183 5436
3738 3439
3751 3454
3762 3436
3769 4251
3775 4262
4040 3029
4283 4610
4322 3183
4431 806
4550 4825
4551 3419
4564 4832
4566 4225
4574 4274
4582 4266
4594 3484
4680 3573
4720 4989
4918 4313
4982 4604
4985 4603
5098 5741
5149 4765
5169 4774
5177 4832
5184 4808
5187 4813
5195 4239
5354 4501
5364 5045
5474 4598
5482 5077
5488 4551
5499 4545
5507 5137
5508 5138
5577 5226
5605 5255
5612 5483
5745 3972
5866 5475
5872 5487
5929 5573
5934 5576
5936 5678
5937 5575
5954 5581
5967 5430
6035 3972
6045 5565
6049 5590
6110 5794
6117 5733
11 12
162
873 4997
939 875
1053 902
1091 1375
1273 2396
1276 1304
1293 1334
1553 2705
1685 1724
1726 4665
1805 1722
2061 877
2083 870
2168 5826
2354 2362
2355 2319
2362 4219
2380 2423
2388 2435
2408 1334
2411 2422
2426 2436
2597 3296
2614 5186
2751 1660
2804 2154
2826 617
3202 3184
3229 5094
3430 4219
3446 2413
3464 4262
3466 3477
3475 3476
3478 4260
3479 4261
3592 2554
3645 5020
3875 3854
4018 5205
4022 4610
4025 3962
4042 3968
4185 4765
4229 4213
4232 4225
4236 4810
4237 3436
4241 3454
4247 4239
4248 4251
4249 4244
4252 4266
4258 4826
4263 4840
4264 4286
4353 2593
4358 4335
4364 5087
4382 4997
4433 3621
4460 3745
4494 4535
4521 5045
4557 3893
4558 3894
4564 3089
4614 5094
4625 4598
4635 4604
4636 4603
4644 4608
4649 3970
4650 3971
4652 4625
4657 3988
4658 3989
4671 3973
4756 4765
4775 4776
4776 4777
4790 5271
4791 4795
4802 4813
4804 4820
4815 4823
4832 4853
4834 4817
4926 4981
4939 4450
4949 4413
4950 4414
4960 4428
5031 5018
5040 5062
5056 5427
5086 5094
5138 3214
5174 5226
5196 5255
5213 5499
5216 5282
5217 5499
5222 5494
5229 4817
5256 5313
5287 5381
5292 5376
5309 5361
5316 4501
5332 5036
5336 5405
5337 5399
5354 5067
5359 5414
5384 5430
5389 5125
5393 5746
5429 5475
5438 5483
5454 5505
5460 5643
5465 5511
5483 5545
5502 5390
5503 5391
5506 5574
5509 5678
5514 5575
5537 5586
5540 5589
5579 5643
5591 5520
5592 5517
5597 5536
5609 5661
5610 5662
5614 5668
5618 5573
5621 5576
5623 5681
5628 5676
5633 5565
5645 5590
5660 5707
5662 5708
5671 5715
5672 5765
5678 5671
5707 5512
5712 5770
5722 5779
5737 5792
5739 5794
5749 5815
5764 5811
5772 5846
5773 5847
5774 5844
5778 5851
5780 5855
5781 5850
1 13
20
762 6376
1604 5526
1663 6116
2097 3194
2710 2548
3058 2343
3143 2798
3331 6362
3376 5938
3547 5924
3922 5422
4420 5944
4573 4110
5353 6139
5787 5929
5940 2979
6243 6027
6262 5019
6375 5924
6548 3194
2 13
17
441 4265
1921 6279
2664 3194
3097 5932
3974 6027
4125 6042
4954 5766
5072 4357
5509 3194
5675 6116
5687 4223
5784 5929
6056 4223
6130 6027
6355 5526
6516 6353
6550 6230
3 13
23
770 4881
2413 2488
2767 5454
2839 4644
3691 3366
3711 3143
3742 6039
3961 2086
3971 2490
3980 5932
4583 6026
4810 4110
4942 5885
5165 3194
5396 6116
5456 5508
5655 4852
5772 5508
5872 5944
5995 5526
6238 4478
6314 5754
6410 4690
4 13
34
86 3194
318 3925
621 5526
892 2488
2026 5019
2035 5526
2226 3515
2254 6396
2372 1714
2621 2176
3425 4229
3476 6396
3537 5787
3622 4230
3785 2490
3862 4110
4413 6229
4485 6261
4563 5224
4828 5525
4975 5766
5295 5156
5636 6156
5710 5692
5944 6156
5980 5189
5981 6161
5999 5988
6156 6324
6170 6158
6229 2798
6350 4644
6369 6372
6425 5057
5 13
37
564 3279
1022 5936
1981 4587
2296 5924
2519 3678
2520 3677
3105 5924
3107 5968
3108 4887
3605 5170
3626 5170
3665 5792
3750 5228
3988 179
4335 5289
4698 5761
4746 5781
4890 5559
5106 5938
5179 6031
5522 6031
5876 4226
5896 5057
5897 5056
6257 5057
6258 5056
6305 6261
6316 6156
6329 6166
6334 6164
6354 5996
6493 5937
6496 3515
6663 6320
6705 6371
6706 6372
6753 5057
6 13
22
910 1346
1881 2395
2915 4953
2993 2488
3120 3341
3959 4226
4950 5019
4956 5228
4957 6396
5243 6031
5373 5180
5445 5938
5482 4852
5753 6014
5790 6352
5812 6162
5820 6261
5910 5944
5975 6320
6058 6372
6071 6372
6079 5057
7 13
30
1062 1306
1397 2553
1816 4357
1976 4265
2651 4226
2690 5019
3903 12
3936 3660
4057 5228
4431 6110
4838 6057
4866 5829
5034 5240
5050 2396
5122 5228
5258 1426
5347 6017
5382 6156
5405 5228
5502 6057
5514 6064
5637 3327
5662 3143
5696 6357
5722 5525
5740 6271
5833 6371
5834 6372
5844 6372
5852 5057
8 13
17
47 3647
2313 1671
2925 3366
2941 3194
3328 3327
3441 5453
3833 5526
4141 6229
4404 5380
4419 5380
4484 2490
5366 4473
5527 2344
5530 6323
5560 5228
5725 5525
5820 5057
9 13
36
675 4644
737 6239
780 4549
920 3217
1922 2395
2231 4644
2577 3802
2871 3839
2975 4633
3037 2657
3108 5019
3391 4265
3493 5924
3966 4718
4041 2657
4127 5526
4170 5732
4482 5526
4499 5938
4649 5817
4659 5828
4924 5180
4961 4932
5221 5329
5222 5808
5317 6031
5323 6031
5326 3341
5480 5526
5554 6197
5557 6057
5559 6189
5561 6053
5678 6168
5932 6357
6056 6388
10 13
42
427 3379
569 3643
971 1306
1402 3839
1404 2651
1461 2618
1513 1392
1638 5754
1642 2163
1746 4432
1779 4549
2228 2596
2229 2597
2698 3840
2745 2657
3610 5932
3769 4718
3770 5357
3894 4358
3895 4357
4137 5526
4595 5360
4626 5520
4651 5926
4770 6018
4789 5210
4794 5732
4882 5924
5177 5814
5195 5329
5304 5090
5474 5781
5785 6167
5936 6323
5963 5526
6023 6357
6024 6360
6085 6358
6110 6400
6137 6381
6139 6368
6149 6354
11 13
110
360 3166
520 3452
571 2153
1315 1372
1352 2669
1660 3385
1712 3515
1726 3194
1808 4473
2097 2597
2404 2618
2412 3840
2413 3841
2415 2628
2439 2640
2454 2657
2571 4211
2576 4956
2645 5010
2744 5057
2749 4374
2804 5937
2843 5158
2896 3618
2900 2535
3179 3804
3437 4693
3445 4704
3447 4711
3464 4726
3487 4729
3502 4696
3583 4953
3609 5466
3684 4358
3685 4357
3714 5112
3796 5743
3845 5778
4053 4675
4074 2447
4241 5332
4247 5329
4248 4718
4254 5327
4258 5344
4263 5360
4273 5340
4342 2343
4407 5057
4415 5610
4465 5951
4467 5667
4521 5180
4583 5968
4622 6014
4625 5781
4636 5786
4644 5787
4655 5932
4728 4428
4804 5804
4811 6059
4812 5823
4824 5815
4867 6077
4932 6132
4939 6124
4978 5994
5007 5732
5008 6028
5026 5977
5031 5967
5210 6189
5216 6053
5217 6197
5219 6045
5226 6060
5252 6226
5292 6132
5294 6127
5297 6126
5308 6150
5309 6119
5337 6158
5340 6153
5445 6199
5446 6200
5501 6140
5502 6138
5503 6139
5506 6175
5509 6323
5587 6282
5591 6292
5611 6314
5623 6360
5636 6251
5672 6351
5684 6358
5705 6381
5709 6354
5711 6129
5714 6360
5731 6381
5737 6368
5739 6400
5760 6399
5761 6414
5765 6411
12 13
80
617 3401
877 2595
1306 2637
2021 3774
2154 5937
2394 3839
2405 2618
2417 2628
2841 4358
2842 4357
2869 5968
2934 4460
3083 2488
3086 2488
3290 3341
3449 3845
3450 4690
3454 5332
3463 4696
3468 3875
3484 5354
3521 5387
3691 4391
3733 4358
3734 4357
3735 4391
3894 5228
3949 5272
4184 2368
4239 5329
4251 4718
4262 4726
4263 4713
4265 4733
4270 5357
4332 4809
4393 3175
4429 5054
4430 5055
4523 3405
4535 5999
4598 5781
4603 5786
4608 5787
4785 4993
4823 5341
4826 5344
4854 5825
4863 5835
4897 5881
4939 2548
4985 5090
5018 5967
5049 5985
5101 6029
5302 6212
5313 6085
5361 6119
5376 6132
5390 6138
5391 6139
5399 6158
5408 6165
5446 3366
5498 6057
5499 6197
5500 6199
5509 6216
5512 6282
5517 6291
5520 6292
5568 6255
5578 971
5633 5547
5678 6323
5682 6326
5732 6357
5735 6360
5794 6400
5824 6411
0 14
39
78 4657
362 2637
466 643
1101 0
1179 3320
1271 3643
1508 2647
1535 3565
1540 2694
1559 2681
1561 2671
1768 4657
1807 4991
1939 5372
2603 3495
2694 3551
2710 3553
2720 3554
2730 3575
2880 2559
3016 1185
3724 1337
3923 3441
4089 4178
4381 5017
4676 5017
4703 3441
4975 5024
5054 4162
5186 4642
5210 4991
5224 4839
5229 4839
5851 3441
5967 3441
5978 5372
5989 4669
6057 5052
6075 3441
1 14
26
309 3430
1310 2056
1604 5040
1659 3602
1681 2757
1691 1232
1744 3478
2813 3311
3077 3654
3120 4601
3405 267
3815 908
4213 3496
4243 2776
4276 4178
5568 282
5625 4162
5699 1749
5973 282
6038 4991
6074 1349
6250 5052
6314 5005
6617 4657
6631 3654
6654 1824
2 14
25
68 3311
1480 3320
1843 2693
1844 2694
1876 2672
2134 1969
2765 3571
3496 4301
3753 231
4121 1571
4143 4156
4810 1397
4885 2459
4893 4944
4968 4839
5408 1057
5579 3270
5627 3510
5644 2657
6031 282
6049 5338
6390 4340
6468 5005
6510 3571
6538 3654
3 14
17
1525 4657
2196 5040
2572 5040
3079 3311
3293 3571
4432 4313
4942 3430
5164 4399
5360 1749
5466 4991
5566 3653
5660 3654
5862 5040
6238 5005
6297 4163
6315 2776
6440 5312
4 14
20
444 3571
502 2691
2222 4515
3711 1537
4157 538
4158 539
4238 4731
4477 1977
5034 5372
5407 3227
5487 3602
5566 5372
5740 2657
5785 3227
5854 538
5925 3714
6024 3478
6176 1413
6296 4657
6380 5040
5 14
18
1562 505
1677 539
4085 3640
4253 3806
4291 1397
4338 539
4398 2949
4745 5017
4897 2657
5025 1397
5398 5040
5419 4399
6004 2929
6328 5052
6415 5052
6611 5193
6682 4669
6760 5312
6 14
21
439 539
565 3602
1263 4601
1266 2559
1657 5040
2572 1318
3210 4301
3399 4163
3510 4601
3644 1318
4700 4839
4703 4839
4899 1977
4947 5024
4967 4163
5014 4731
5172 3478
5277 4162
5589 4399
5825 2657
5980 2086
7 14
31
227 844
469 3571
491 2089
741 4731
906 1422
1111 3478
1589 133
1665 1964
1763 5040
1795 538
1796 539
2360 3478
2429 3478
3344 2757
3411 260
3426 1821
3721 4285
3868 1461
3876 4694
3913 460
3974 2540
5083 1412
5289 2757
5300 5080
5302 5080
5306 4997
5375 1412
5525 5040
5657 538
5684 1824
5785 538
8 14
17
243 4013
422 3602
1122 1461
1129 1461
2272 5040
2496 5024
2877 3478
2950 5040
3441 3478
3790 4601
4084 4694
4410 3519
5048 2540
5422 5023
5527 3571
5598 5017
5668 3558
9 14
22
1281 1232
1386 4694
1916 4399
1993 5040
2419 5040
3196 3478
3599 5024
3642 2434
4074 2626
4456 4991
4744 5049
4760 5004
4776 4397
4961 5005
5541 538
5929 1824
5975 4163
6008 5313
6009 1825
6031 4991
6051 5040
6062 5004
10 14
19
252 5040
1644 412
2865 1794
2870 2304
2982 4669
2993 1878
3010 5024
3902 2304
4103 1648
4137 5040
4150 4162
4636 5017
5268 5005
5482 1413
5942 3571
5949 2707
6013 3631
6068 4991
6074 4991
11 14
25
306 2056
874 5040
1706 5040
1853 460
1854 2757
2728 5040
2801 5040
3518 2757
3644 4399
3645 4731
3708 5016
3709 4991
3745 5004
3803 5040
4011 5289
4012 5052
4364 3654
4557 3602
5086 4642
5368 3654
5610 1825
5632 5250
5686 5229
5710 4991
5736 1825
12 14
22
205 1964
1622 5024
1747 1057
2578 5063
2705 5040
3236 4162
3447 2757
3622 4694
4313 776
4323 4163
4393 5040
4422 4340
4494 5119
4555 4340
4585 5096
4931 5040
4998 1412
5366 5040
5400 4340
5523 2806
5630 2757
5696 4399
13 14
22
48 4003
998 1696
2205 1878
2344 3571
3195 4657
3802 1413
3803 1412
4852 5024
4932 5005
5453 3478
5474 4642
5570 4642
5608 5052
5669 4018
5742 4642
5885 3430
5937 4175
6109 4657
6110 1568
6117 5302
6253 3025
6340 464
0 15
28
78 1771
1190 2192
1653 2765
1708 1410
1768 1771
1873 3679
2393 2909
2397 2192
2400 2192
2417 3151
2419 3779
2421 3157
2423 3159
2658 365
2782 4061
3017 420
3029 420
3894 3288
4033 2899
4691 659
4798 4060
5054 4463
5057 4628
5236 3288
5237 3289
5381 3624
5600 4062
6147 3813
1 15
19
233 448
350 2901
1310 637
1352 2192
1355 2193
1410 2195
1659 659
1660 660
1681 2587
1899 1771
2219 420
3058 4060
4928 4728
6003 1762
6037 4284
6061 3426
6617 1771
6654 4439
6711 4439
2 15
18
50 2177
63 1148
64 2182
473 658
812 1495
1431 2192
1461 3151
1486 2192
1912 605
3075 4777
3893 3779
4455 4777
5184 806
5208 3658
5837 2743
6355 1928
6420 4439
6432 4076
3 15
21
338 1565
458 2177
511 1896
1173 2498
1525 1771
1595 1735
1720 2192
1978 2507
2015 448
2094 3289
3067 3151
3083 2195
3691 2498
3711 3658
3969 4777
4112 3779
4307 2627
4820 935
5442 3335
5803 187
5830 1999
4 15
19
257 2586
1548 817
2035 1928
2361 4285
2553 903
3217 1735
3540 4777
3622 4798
3692 4777
3821 1928
4061 3658
4179 2962
4409 4545
4497 3335
4883 2743
5045 4072
6156 5216
6230 2499
6296 1771
5 15
22
120 396
745 4038
792 4461
1588 1425
1672 4927
2160 2507
2863 1896
2865 1896
2942 714
3450 1388
3645 2901
4332 4029
4596 3658
4647 1735
4745 4062
5351 4060
5596 1388
5903 1418
6008 4174
6240 5034
6277 4777
6729 2937
6 15
22
565 659
566 660
1682 2586
2104 1495
2429 4949
3147 2913
3197 2616
3198 2616
3205 4439
3469 304
3746 2908
3765 4463
4014 4802
4211 4795
4520 2586
4760 2391
4829 1388
5078 4927
5277 4463
5279 2394
5669 2901
5721 4927
8 15
21
225 1999
453 1495
607 4537
625 2586
938 661
1313 5035
3359 1832
3521 2500
3833 1928
4249 4927
4453 1771
4464 1227
4487 3335
5289 2765
5293 2500
5399 4060
5560 660
5578 4728
5606 2593
5632 2587
5640 4608
11 15
17
819 2765
1091 1999
1854 2587
2507 1735
3176 3887
3539 1397
3684 4511
3721 2913
4122 2587
4342 4060
4557 659
5175 4461
5314 1642
5317 1642
5564 2587
5609 4439
5735 4439
12 15
31
307 658
798 1114
1044 2500
1375 1999
1843 1970
1851 3479
2078 1228
2841 4511
2842 4512
3182 4062
3562 1735
3623 4937
3663 817
3733 4511
3734 4512
3909 1928
4423 1771
4785 2765
4821 2587
4893 1735
5089 1928
5094 3658
5101 892
5309 624
5360 3418
5446 2498
5522 142
5627 2500
5661 4439
5724 4439
5748 2342
13 15
25
845 4439
2343 4060
2768 2627
2771 1735
2798 2743
3050 4043
3143 3658
3195 1771
3762 638
4071 1735
4353 4404
4356 4404
4357 4512
4358 4511
4853 1999
4861 2627
4863 2627
5159 4545
5296 2587
5314 709
5526 1928
5570 5229
5885 4728
6029 892
6109 1771
14 15
109
0 0
36 142
165 238
178 5035
975 1916
1100 5011
1228 168
1229 169
1230 1246
1477 1419
1500 1407
1509 2429
1510 2430
1683 1657
1987 806
2056 637
2303 2237
2359 2765
2361 167
2375 1262
2448 1325
2521 1428
2540 1642
2548 3449
2571 1472
2626 1735
2633 420
2669 495
2670 496
2757 2587
2893 1799
3281 2237
3306 3217
3315 2276
3363 3847
3367 2471
3376 1349
3377 1350
3389 3273
3435 2415
3455 2461
3456 2450
3457 2451
3507 2470
3510 3550
3602 659
3616 2634
3659 4777
3723 2751
3736 2754
3740 3568
3779 1530
3992 3298
4019 3274
4041 3245
4042 3851
4046 3374
4062 4432
4159 4886
4227 3446
4313 4777
4426 3696
4453 1346
4513 3282
4532 4416
4535 3958
4540 3969
4543 3271
4545 4344
4551 3847
4561 3862
4572 4450
4578 3868
4581 3284
4606 3313
4631 3917
4657 1771
4696 3421
4718 4485
4741 4057
4742 4058
4747 4074
4893 3808
4905 4408
4908 4706
4932 4349
4956 2653
4988 3968
5006 4448
5067 4502
5138 4413
5139 4326
5142 4644
5143 4645
5144 4386
5147 4698
5169 4671
5170 4364
5172 4890
5275 4917
5277 1999
5294 4928
5333 4942
5354 5008
5356 5089
5374 4949
5380 5107
5409 5144
5455 5233
0 16
52
6 1381
81 64
599 1652
1093 5398
1156 2201
1162 2206
1291 1987
1457 137
1807 5028
1893 2216
2411 2189
2417 2205
2419 3200
2422 3205
2423 3206
2583 1263
2741 1501
2826 3654
2827 3655
2880 2441
2994 4598
3503 3209
3505 3958
3506 3959
3894 2625
3919 3581
3926 3567
4411 3959
4510 4041
4511 4042
4593 3441
5019 2
5048 4832
5054 4796
5108 4544
5120 4056
5210 5028
5229 1944
5487 4832
5593 4632
5618 4933
5695 1979
5795 1381
5835 4679
5869 4966
5902 49
5989 4961
6012 5286
6043 4757
6056 5168
6059 2
6076 4944
1 16
25
358 1568
1395 1163
1764 387
1767 4795
2097 4155
2142 4111
2710 688
2835 3224
3037 3224
3053 1338
4045 3200
4243 4276
4274 1472
4928 3947
5122 1381
5273 4727
5281 4727
5735 2229
6037 5247
6282 4832
6313 727
6363 4028
6364 4027
6375 5090
6548 4155
2 16
39
1 3356
50 1148
88 4009
131 4009
1399 1979
1469 2210
1486 1171
1671 1338
2664 4155
2720 2180
2730 2206
2739 3209
2765 4989
2911 2693
2995 1472
3089 1501
3144 3772
3304 2216
3595 1381
3893 3200
3894 3205
3895 3206
4284 4672
4968 1944
4972 2229
5509 4155
5629 5090
5652 4944
5662 4139
5919 4832
5923 4835
5924 4836
5999 4679
6042 4944
6049 5148
6254 5371
6454 1568
6468 3188
6510 4989
3 16
45
457 1149
614 884
685 448
751 5328
1330 5199
1735 1146
1940 2560
2314 5090
2572 4155
2690 3542
3072 2206
3083 2229
3285 1340
3293 4989
3711 5398
3712 4961
3751 5168
3974 2412
4112 3200
4245 2358
4248 2215
4432 5398
4716 3982
4893 2481
5164 4757
5165 4155
5296 2216
5456 3947
5466 5028
5660 2470
5661 1381
5772 3947
5852 4832
5855 5260
5860 4835
5861 4836
5862 4155
5863 4796
6016 2216
6058 3420
6102 4155
6127 1810
6230 5284
6288 4343
6315 4276
4 16
23
86 4155
87 49
315 254
444 4989
578 487
621 3189
1367 1979
1730 5398
2245 3189
2621 294
3540 2470
3821 3189
4041 2781
4061 5398
4477 4260
4549 1616
4689 2
5552 3681
5736 1381
5781 887
6217 1979
6322 1568
6380 4155
5 16
21
480 2709
834 1504
3107 4757
3601 3897
4002 3224
4382 3689
4737 1618
5064 4347
5334 5148
5351 2813
5708 1381
5786 584
5948 3391
6004 4727
6099 49
6130 4349
6477 4196
6486 4961
6493 49
6682 4961
6687 4598
6 16
29
191 3224
944 1550
1266 2441
2064 5389
2652 884
2842 941
2988 688
2998 1381
3134 1979
3312 2693
3384 1687
3505 49
3683 401
3808 4392
3844 3224
4211 2
4342 1575
4467 4347
4700 1944
4835 4255
5034 4598
5181 2470
5243 4211
5414 5328
5710 5090
5717 676
5733 1979
5980 49
5988 2216
7 16
21
0 1061
209 137
219 884
469 4989
1763 4155
2293 4347
2360 2911
2764 2672
2843 5398
2880 3188
3088 2693
3742 3224
3765 584
4045 1575
4671 1979
4928 1567
5206 946
5416 4343
5432 2908
5600 3189
5662 5398
8 16
21
211 49
488 1504
606 2
902 1313
1716 1730
2272 4155
2926 3189
2941 4155
2950 4155
3200 873
3441 2911
3486 3356
4296 3224
4685 3189
4687 4989
5289 1567
5364 83
5527 4989
5605 4598
5676 4757
5772 5028
9 16
26
593 3224
1026 1381
1281 3573
1941 2
1993 4155
1994 584
2419 4155
2655 383
3108 2216
3200 4757
3232 4598
3270 3620
3389 4155
3414 2469
3492 1381
3598 4347
3599 1979
3642 3356
4181 2465
4457 1381
4612 4347
5370 2216
5410 3189
5804 2813
6002 49
6031 5028
10 16
24
30 4494
32 64
252 4155
427 137
742 1567
2708 4098
2840 2693
2853 2465
2957 1979
2961 1381
3045 2
3900 584
4019 2
4150 5260
4838 3188
5157 3908
5219 3253
5322 4693
5392 4961
5942 4989
5943 584
5963 3189
6068 5028
6074 5028
11 16
28
252 362
306 5185
594 1979
765 49
873 4343
1552 5247
1706 4155
1726 4155
2002 2470
2728 4155
2801 4155
2804 49
3611 1311
3633 2584
3644 584
3709 5028
3803 4155
4227 4994
4342 2813
4364 5247
4433 4598
4567 4155
4583 4757
4655 5371
5329 2216
5368 2470
5654 5260
5710 5028
12 16
24
379 1979
745 1567
783 605
1821 2813
1847 2358
2154 49
2483 3515
2547 3189
2563 364
2869 4757
3087 1575
3236 4796
3603 49
3621 4598
3663 4598
4523 1381
4665 4155
4666 584
4733 3354
5077 1567
5087 5247
5089 3189
5094 5398
5469 2037
13 16
27
864 1702
888 672
2065 2757
2157 864
2162 1702
2164 1702
2176 294
2344 4989
3143 5398
3194 4155
3343 2781
3379 137
3405 1381
3878 941
4150 753
4370 884
4418 4723
4444 4364
4644 4276
5016 4686
5468 584
5508 3947
5553 5260
5885 3947
5938 5265
5968 4757
6270 1338
14 16
51
266 251
561 125
1232 3573
1429 584
1461 383
1499 2510
1949 1744
2025 49
2116 1299
2359 1567
2434 3356
2520 2392
2559 2441
2563 2405
2776 4276
2832 1807
2929 4727
3303 2282
3423 3441
3430 3947
3435 2392
3466 2407
3507 2421
3571 4989
4071 4127
4123 3359
4146 3454
4313 5398
4609 4086
4614 4096
4642 3551
4669 4961
4678 3458
4679 3459
4741 3654
4742 3655
4747 3666
4833 3164
4869 681
4955 4559
4983 4589
4987 3458
4991 5028
5014 4679
5040 4155
5147 5079
5169 5073
5170 4875
5219 4676
5338 5148
5374 5148
15 16
61
0 1061
700 5199
951 4155
1130 1127
1139 62
1753 1807
2165 1127
2177 1148
2181 2211
2184 68
2282 5265
2293 4001
2363 681
2394 2359
2395 3356
2398 4111
2470 2421
2534 3356
2554 5428
2748 1831
2765 1567
3145 2189
3151 2205
3156 2211
3158 3205
3160 3573
3266 3310
3267 3311
3288 2625
3319 3421
3325 4111
3513 3634
3540 2842
3544 1824
3570 2774
3658 5398
3779 3200
3864 3310
3898 4074
3970 3451
3994 5148
4051 4672
4057 3654
4061 5265
4074 3666
4076 584
4141 1702
4151 1702
4156 2693
4284 5247
4355 4545
4357 4545
4364 4875
4389 4894
4462 4155
4475 4275
4487 4239
4655 5207
4798 4334
4878 5207
4949 5148
0 17
153
50 74
778 2033
789 3001
1101 4134
1156 1234
1193 1273
1332 1426
1353 1451
1362 2558
1363 1459
1377 2876
1420 1531
1423 1543
1500 2665
1513 2671
1622 525
1655 1740
1663 2826
1752 723
1778 2869
1807 2342
2069 5647
2380 2444
2403 2363
2411 2366
2414 2370
2419 3396
2421 2377
2422 2378
2423 2379
2430 3403
2472 1327
2516 1344
2581 1413
2586 2558
2589 2551
2604 3572
2617 2566
2637 2579
2746 2708
2761 2730
2826 3762
2827 3763
2836 3769
2895 2874
2908 2876
2964 3835
3006 2946
3043 5647
3477 2444
3486 3428
3506 3403
3538 3410
3539 3411
3577 3487
3578 3488
3599 3485
3600 3486
3604 3489
3611 3491
3678 2537
3693 2545
3700 2538
3704 4314
3788 3657
3795 3659
3873 3730
3877 4461
3886 4480
3887 4481
3970 4550
4005 2946
4381 3729
4388 5710
4396 3489
4490 4267
4495 4263
4501 4276
4506 4287
4507 4292
4509 4277
4513 4305
4543 4324
4573 4369
4593 4391
4594 4393
4602 4402
4624 3702
4628 4442
4645 4982
4646 4434
4648 4436
4667 5000
4671 5019
4705 4491
4745 4550
4770 4532
5048 5223
5056 5232
5087 4849
5115 5061
5117 4880
5118 4881
5120 4280
5121 4281
5127 5283
5134 4889
5183 4946
5199 5319
5207 4420
5213 4985
5219 4993
5221 4997
5249 5012
5250 5013
5270 5375
5282 5053
5487 5223
5493 5232
5496 5235
5512 5250
5543 5282
5593 4963
5597 5320
5606 4985
5613 5335
5614 5335
5634 5551
5647 5558
5665 5574
5667 5575
5683 5585
5797 5606
5835 5645
5837 5531
5931 5682
5966 5651
5972 5656
5980 5712
5982 5714
5999 5335
6012 5682
6019 5688
6062 5723
6066 5767
6070 5740
6073 5700
6076 5547
6094 5766
6095 5768
6121 5792
6139 3806
6171 5836
1 17
36
383 4511
780 717
1258 3729
1377 70
1645 3901
1729 139
1734 5040
2097 2785
2205 5040
2567 5710
2793 2369
2801 1237
3331 3744
4038 3391
4045 3396
4201 3556
4213 3572
4255 3901
4256 3902
4309 1597
4909 778
5290 5395
5305 2901
5407 4943
5961 5223
6037 4484
6110 4997
6122 5000
6282 5223
6318 4267
6319 4267
6375 3859
6470 3901
6471 3902
6671 4678
6674 5767
2 17
86
50 74
58 1248
66 84
149 325
314 1544
325 416
517 3718
666 1903
1455 2369
1461 1237
1469 1247
1481 1265
1482 1266
1659 1445
1681 245
1976 4566
2193 4667
2664 2785
2730 2373
2735 2376
2886 2537
2904 3572
2913 2579
2917 4904
2979 368
3003 5041
3047 3647
3134 2767
3271 3799
3594 2784
3595 1998
3893 3396
3895 2379
3977 3491
3991 4255
4005 3543
4034 2537
4041 3568
4043 3569
4054 4323
4174 3657
4234 4481
4433 5172
4600 378
4872 4306
4876 4276
4881 2552
4882 4323
4950 4391
4983 2729
4986 4513
5027 5557
5030 4419
5081 3816
5103 4735
5208 5647
5475 4280
5509 2785
5588 4955
5593 4963
5600 4976
5652 5024
5724 5585
5919 5223
5926 4217
5999 5645
6007 4963
6018 5326
6030 5335
6038 5551
6044 5558
6184 5235
6202 4874
6245 5335
6254 5706
6258 5547
6272 5369
6355 5039
6405 5748
6459 5682
6463 5688
6481 5748
6530 5767
6531 5768
6541 2784
6557 5040
3 17
50
457 75
1227 5571
1756 82
2392 3028
2572 2785
2711 1968
3063 2370
3066 1236
3067 1237
3079 3403
3083 2401
3305 3901
3712 4568
3824 717
3952 778
4062 5710
4097 3403
4098 3391
4112 3396
4114 2378
4248 4678
4254 3901
4255 3902
4415 1597
4428 5710
4494 612
4642 4752
4805 5040
5066 5023
5165 2785
5212 1390
5260 5686
5281 2870
5302 4735
5632 4372
5660 5429
5717 1390
5824 3901
5825 3902
5852 5223
5995 5039
6102 2785
6171 4997
6230 5597
6288 5040
6312 2784
6322 5682
6411 5767
6425 3901
6452 5198
4 17
29
86 2785
87 5710
440 3901
441 3902
575 3901
1548 5713
1907 2628
2222 3922
2556 5710
3022 5040
3491 5645
3867 5059
3932 297
4111 3366
4157 3901
4158 3902
4179 950
4482 3799
4804 5585
5045 1974
5637 5710
5740 4566
5815 3901
5854 3901
5855 3902
5902 1478
6144 5710
6217 3366
6296 4729
5 17
36
0 5198
258 319
1039 4240
1707 343
2170 3902
2178 4049
3088 334
3105 3859
3601 4635
3794 1998
4333 3698
4337 3901
4338 3902
4596 5647
4745 3729
4897 4566
5064 4685
5107 4816
5137 4484
5157 5359
5172 4435
5175 4435
5179 4421
5288 5335
5786 4816
5803 5041
5821 4943
5877 3901
5888 5339
5949 3646
6008 950
6099 5710
6106 3859
6328 5710
6354 2870
6700 1601
6 17
29
438 3901
439 3902
932 644
1527 297
1658 5710
2231 636
2403 5198
2542 3936
3037 4056
3460 5040
3496 5198
3819 3902
3820 3901
3970 5335
3979 5335
3980 5335
4005 3901
4006 3902
4463 4685
4727 986
4791 4421
4992 5198
5181 5429
5230 4435
5235 4435
5243 4421
5753 5647
5802 1478
5940 4210
7 17
24
0 4134
599 921
741 5686
1002 644
1795 3901
1796 3902
2293 4685
2721 4425
2846 2911
2985 4678
3143 1390
3620 3822
3765 4816
4045 1355
4651 1316
4753 890
4934 5041
4945 4409
4952 4435
4957 4435
5046 636
5416 5040
5637 1390
5657 3901
8 17
21
1114 4458
1128 986
1331 3366
1367 1478
1840 3764
2469 5443
3200 950
3832 5757
3833 5039
3861 3901
3862 3902
4144 5469
4175 1593
4404 3450
4419 3450
4588 2950
5038 2563
5039 5757
5521 4458
5598 3729
5693 5710
9 17
18
936 1478
1400 1370
1828 5335
3064 2941
3088 269
3414 3096
4127 5039
4302 1873
4352 5710
4482 5039
4946 1873
4961 5646
5317 4421
5323 4421
5326 5710
5480 5039
6051 5760
6053 5788
11 17
21
749 644
873 5040
972 5757
1105 5423
1556 5710
1726 2785
2168 5198
2942 1426
3176 1478
3645 5686
3688 644
3761 5040
3782 5209
3952 3962
4382 5040
4614 5647
5086 5647
5318 4678
5368 5429
5552 4685
5654 2784
13 17
24
89 3822
1343 5059
1345 5059
2175 237
2490 2342
2928 1278
3194 2785
3327 1390
3575 2784
4184 3765
4327 5040
4347 5040
4881 2647
4932 5646
5364 1724
5380 3450
5474 5647
5526 5039
5547 5757
5924 3859
5938 2784
5996 2870
6014 5647
6031 4421
14 17
26
0 4134
472 292
509 237
538 3901
539 3902
968 4685
1017 774
1337 1491
1628 2601
2808 1345
2830 2950
2929 636
3347 2791
3433 4685
4134 2666
4160 2579
4516 5585
4580 4304
4612 4272
4747 3769
4770 3799
4778 3799
4796 5645
5017 3729
5040 5760
5107 2029
15 17
30
0 4134
685 3554
914 237
1114 5469
1529 268
1928 5039
1930 3366
2163 1222
2177 74
2181 1248
2184 81
2282 2784
2397 4270
2543 325
2744 5037
2937 3057
2962 950
3151 1237
3158 2378
3159 2379
3315 3572
3384 2563
3555 2794
3671 3812
3779 3396
3988 3729
4072 1974
4074 3769
4174 950
4357 5273
16 17
111
68 81
69 82
266 3572
329 1502
596 1840
676 3901
786 735
873 950
1061 4134
1142 1230
1148 74
1149 75
1276 1414
1321 2551
1324 2565
1402 2661
1407 386
1428 2693
1903 1865
1940 924
1965 890
2189 2366
2201 1234
2205 1237
2210 1247
2211 1248
2222 2363
2258 3471
2303 1361
2378 2545
2381 2544
2392 1456
2410 336
2444 2560
2452 1477
2469 3096
2470 5429
2508 2615
2512 2628
2550 2652
2755 2802
2774 2821
2940 823
2945 823
3193 2364
3200 3396
3205 2378
3206 2379
3266 3504
3272 1361
3276 1366
3325 2537
3351 3572
3379 4321
3396 3603
3411 3644
3412 3647
3422 2628
3441 4391
3453 2644
3484 3685
3589 3698
3654 3762
3655 3763
3666 3769
3668 3772
4047 4288
4056 4280
4057 4281
4071 5290
4106 4343
4107 4344
4120 4361
4144 3633
4192 4988
4211 4421
4229 5040
4231 4493
4247 4452
4267 3698
4276 5428
4317 5660
4343 5040
4347 4685
4497 5232
4544 4875
4579 5302
4582 4901
4589 4902
4592 4907
4603 4925
4632 4963
4679 5645
4790 4729
4832 5223
4833 5595
4839 5232
4866 5278
4881 5510
4893 5292
4933 5336
4961 4568
5005 5068
5211 5694
5238 5651
5242 5744
5243 5745
5247 4484
5265 2784
5286 5682
5352 5744
0 18
62
44 436
631 3072
649 881
657 1958
1093 2153
1161 1610
1162 1611
1163 1615
1166 450
1179 417
1778 1978
2398 1676
2409 2763
2410 2764
2414 1602
2419 2780
2421 1616
2422 2785
2430 2763
2486 2826
2630 1780
2677 1758
2741 2994
2827 3009
2937 981
3111 3213
3485 2850
3486 2849
3506 2763
3539 2810
3720 1780
3795 2962
3845 3917
3890 3607
4410 4374
4411 2763
4593 3863
4594 4485
4611 3888
4625 4511
4750 4581
4774 4599
5048 4826
5054 3884
5056 4830
5186 2153
5216 4527
5258 4960
5493 4830
5582 5157
5597 5181
5618 4536
5695 1449
5902 5568
5931 5402
5940 3352
6012 5402
6073 1792
6077 5584
6079 5585
6110 1792
6157 5604
1 18
33
379 2117
822 961
1382 442
1386 445
1403 462
1830 3053
2029 4344
2794 1602
2800 1606
2803 1615
2804 1610
2805 1611
2809 1616
3116 1692
3143 494
3230 1440
3447 1859
4037 2763
4038 2764
4045 2780
4047 2785
4515 3990
4586 1895
5025 2889
5092 5476
5625 3884
5961 4826
6037 5519
6077 4527
6120 4557
6248 2787
6617 3870
6632 4046
2 18
36
45 440
47 442
50 445
63 451
66 456
670 1968
736 881
1461 1607
1468 1615
1471 1616
1725 1681
1818 3869
2721 2763
2722 2764
2730 1611
2739 2788
3089 2994
3159 1440
3216 981
3893 2780
4005 3753
4174 3859
4763 4374
4950 3863
5289 3352
5588 4906
5608 4527
5650 3991
5923 4827
5924 4828
5945 5132
6011 5181
6252 4536
6459 5402
6515 5585
6557 4874
3 18
44
446 417
458 445
472 451
750 4711
878 1994
1110 3186
1518 1456
1733 436
1735 439
1736 440
1742 442
1755 452
1756 453
1958 1790
2237 881
2367 4234
2392 4296
2997 2889
3063 1602
3066 1606
3067 1607
3070 1615
3071 1610
3072 1611
3074 1616
3168 1780
3474 933
3691 3869
3711 2153
3778 5041
4097 2763
4112 2780
4114 2785
4173 2120
4307 3496
4463 2962
4588 5087
5239 3007
5357 3883
5684 3863
5860 4827
5861 4828
6322 5402
6468 5594
4 18
19
257 2120
571 3884
2035 3883
2246 1871
3022 4874
3050 5392
3783 5065
3821 3883
4056 3877
4061 2153
4110 1835
4883 494
5303 3877
5551 3074
5637 5568
6108 2975
6144 5568
6296 3870
6383 566
5 18
20
1466 5543
1725 2657
1768 5504
1968 5392
1977 918
1978 3925
2310 5507
2473 961
3108 5161
3457 5041
3988 4617
4138 3280
4252 3903
4628 3940
5106 5357
5351 3624
6099 5568
6426 5161
6493 5568
6746 521
6 18
21
49 1790
2150 3025
2294 5041
2662 4296
2946 1779
2947 1780
3200 881
3266 4581
3399 3883
3470 1960
3500 1451
3505 5568
3765 3884
4562 3939
4727 3975
4967 3883
5276 5087
5277 3884
5584 3074
5732 4145
5733 1449
12 18
17
798 5076
2035 1973
3236 3884
3384 933
3909 3883
4053 2120
4323 3883
4381 4627
4997 4874
5014 3007
5076 4019
5089 3883
5094 2153
5242 3779
5446 3869
5736 981
5796 981
13 18
17
696 4874
1671 3516
2175 4188
2344 2787
2768 3496
2798 494
3143 2153
3366 3869
4071 3502
4339 5041
4347 4874
4887 5161
5569 5041
5742 2153
5961 2120
6313 1790
6362 1452
14 18
24
386 3994
1487 5392
1679 1973
1862 1968
2540 1983
2612 3994
2636 4608
2802 3931
2823 3935
3290 1994
3571 2787
3654 848
3697 707
4162 3884
4163 3883
4340 549
4575 4583
4642 2153
4795 4644
5024 5516
5027 981
5033 3352
5111 2110
5130 3386
15 18
17
1148 451
1928 3883
1994 1790
2177 445
2184 452
2627 3496
2834 4903
3157 1616
3337 2986
3396 3996
3658 2153
3779 2780
4163 4648
4463 3884
4735 4967
4806 4603
5229 2153
16 18
38
49 5568
68 452
69 453
107 3793
1148 445
1431 1997
1501 2994
1679 1994
2206 1611
2209 1615
2264 881
2465 4711
2469 5087
2533 1789
2705 1994
2713 1994
2995 4078
3200 2780
3204 2779
3209 2788
3441 3863
3451 1780
3958 4374
4392 5087
4497 4830
4498 4374
4636 5181
4790 3870
4835 4827
4836 4828
4839 4830
4944 5500
4989 2787
4994 5507
5070 5169
5260 3884
5286 5402
5398 2153
17 18
56
81 452
82 453
84 456
343 1780
1059 2889
1236 1606
1237 1607
1414 597
1623 1770
1772 815
1998 2969
2370 1602
2373 1611
2377 1616
2378 2785
2463 498
2564 4266
2705 2994
2741 4927
2784 5205
3001 5507
3096 5087
3390 2763
3391 2764
3403 2763
3488 3757
3579 4960
3644 2949
3682 2994
3703 4511
3744 5390
3904 4617
4382 3857
4391 3863
4392 2153
4393 4485
4398 4491
4729 3870
4794 4435
4954 2986
4955 4906
4965 5181
5013 3997
5041 5161
5078 4622
5232 4830
5315 2153
5318 4917
5320 5181
5381 4622
5388 4992
5547 5500
5623 5169
5682 5402
5822 5593
5823 5594
0 19
96
116 10
397 1853
604 2174
620 899
628 3340
789 4765
865 71
1189 1324
1278 1428
1338 2768
1343 2765
1353 2798
1511 5391
1537 1894
1683 5402
1780 3344
2069 5610
2498 2644
2620 2854
2741 3160
2761 3140
2822 3350
2826 4263
2832 4876
2835 4271
2836 4270
2899 4306
2909 4895
3043 5610
3148 4535
3484 3813
3549 3787
3599 4662
3600 4663
3611 3826
3675 3891
3699 4732
3700 3911
3701 3938
3795 4131
3797 4847
3887 4910
3899 3898
3901 3351
3926 4954
4176 4166
4394 4642
4409 4641
4420 4642
4438 4642
4505 4714
4509 4725
4513 4718
4587 5382
4602 4845
4624 4178
4672 5450
4690 833
4703 4966
4723 5478
4726 4935
4736 4940
4804 5541
5050 5635
5115 6034
5124 5272
5181 5388
5183 5772
5192 5776
5216 5789
5310 5880
5505 5650
5533 5931
5542 5693
5597 5399
5602 5408
5613 6121
5614 6121
5618 6124
5667 6038
5795 5391
5797 5914
5835 5389
5837 6112
5873 6149
5874 6150
5875 6151
5963 6112
5968 6131
6019 6165
6062 6215
6077 6235
6081 4215
6094 6246
6098 6272
6156 6317
1 19
34
353 984
1522 1422
1589 970
1660 833
1779 4264
1789 4270
2766 4964
4309 1797
4393 4979
4402 5549
4505 3386
4928 5084
4971 5300
5059 5301
5061 5300
5068 6241
5079 5411
5092 5511
5305 4335
5642 5252
5666 5286
5735 3766
5748 6037
5961 5774
5984 6026
5998 5922
6002 4742
6009 5702
6122 5797
6282 5774
6368 6207
6369 6207
6445 1154
6671 5909
2 19
76
239 1530
258 1536
533 1910
543 5299
559 1949
593 4765
686 833
1862 4847
1873 4847
1944 4263
2014 2174
2097 3386
2193 4432
2765 1154
2881 2769
2882 1530
3047 4832
3089 3160
3103 4876
3229 5516
3305 706
3928 3813
3946 3813
3977 3826
4032 2769
4166 4832
4232 4909
4534 5299
4577 2038
4725 4606
4750 4641
4751 4633
4769 4641
4770 4633
4936 4138
4951 4847
4954 4841
4965 4845
4980 4178
4992 5450
5025 5442
5056 5478
5106 5874
5133 5895
5145 5882
5208 5610
5462 5250
5481 5274
5483 5702
5547 5338
5605 5408
5608 5789
5653 5814
5693 6037
5707 6050
5775 5882
5945 5914
5948 5650
6003 5776
6043 5814
6209 6082
6213 6085
6225 5954
6251 6131
6252 6124
6258 6128
6268 6145
6375 6165
6400 6112
6410 6237
6432 5110
6463 6165
6484 6235
6499 6243
6500 6215
6510 1154
3 19
23
485 1314
1057 5139
1173 6241
2001 858
2030 1624
2912 3301
3293 1154
3970 5873
4215 5299
4248 5909
4415 1797
4854 1897
5164 5427
5576 5241
5661 5391
5717 5711
5815 799
5886 5668
5907 5252
6097 5908
6282 5794
6312 889
6452 799
5 19
20
0 799
816 1413
1853 5873
2942 5300
3172 221
3214 1601
4292 4955
4332 4880
4368 1154
4596 5610
4698 3828
4704 566
5322 5516
5350 1154
5351 5873
5895 3386
5909 1854
6399 5299
6438 4896
6687 6026
6 19
23
439 929
566 833
740 3386
1187 4149
1376 155
1384 4765
1848 5299
2170 2135
2403 799
2408 799
3120 706
3496 799
3970 6121
4301 6024
4409 3440
4463 444
4703 4875
4901 5806
4992 799
5034 6026
5310 2773
5328 3260
5753 5610
9 19
17
587 5908
1026 5391
1281 4941
2019 2196
3336 2062
3413 5908
3492 5391
4051 4964
4062 4893
4457 5391
5285 4877
5326 706
5540 929
5706 799
5804 5873
5822 4964
5884 5428
12 19
21
429 4472
2706 6241
3214 4765
3290 706
3663 6026
4313 6241
4324 6026
4423 4964
4428 1881
4557 812
4574 812
4773 4964
4783 1860
4890 2858
4939 4472
5111 4137
5333 963
5390 4366
5427 2773
5566 4934
5633 4964
13 19
20
696 662
2344 1154
3195 4964
3341 706
3735 4215
3802 5644
5208 1992
5417 315
5474 5610
5508 5084
5547 4964
5554 5391
5961 5074
6014 5610
6109 4964
6137 5138
6138 4366
6147 4298
6149 4298
6228 4504
14 19
18
334 693
539 929
776 6241
942 148
2469 2861
2502 3938
2540 3907
2866 812
2949 3153
3433 444
3571 1154
3601 833
3697 812
3783 2659
4601 1907
4747 4270
4839 4875
4944 2196
15 19
17
528 1413
660 833
1410 1413
1413 693
1730 3410
2214 6241
2627 3916
2635 5488
2906 5511
3342 4166
3507 4244
3600 4177
4057 4263
4058 4264
4076 5110
4764 919
5189 2648
16 19
50
217 1450
400 473
448 1729
593 4228
688 4472
827 4457
1143 2530
1476 4369
1501 3160
1837 1881
2292 4702
2497 3080
2533 3116
2667 5441
2735 4957
2752 1881
2940 3340
2972 1129
3177 3770
3187 3766
3358 5299
3407 4816
3412 4832
3441 4839
3567 4954
3573 4941
3590 4838
3612 3109
3654 4263
3666 4270
3681 3215
3838 4955
3908 799
3947 5084
4028 909
4129 4835
4143 4369
4184 4179
4260 5827
4636 5399
4661 6000
4662 6001
4679 5389
4898 5769
4989 1154
5100 6112
5230 6112
5252 6206
5281 799
5371 6133
17 19
139
91 7
226 1482
742 841
996 2429
1139 4166
1344 4668
1390 5711
1451 2798
1454 1525
1568 2960
1590 3047
1597 1797
1599 4821
1623 3090
1740 4218
1744 767
1826 3370
1924 2049
1925 2049
2349 3774
2444 3774
2511 2732
2520 3903
2538 3911
2651 4090
2705 3160
2730 3140
2779 4185
2784 889
2795 5549
2808 4143
2901 4335
3080 4537
3133 1032
3374 3770
3393 4625
3407 4625
3416 4633
3422 3798
3436 4619
3457 4633
3478 4633
3485 4662
3486 4663
3491 3826
3508 4702
3516 5239
3555 5268
3574 3988
3615 3992
3634 4044
3647 4832
3659 4131
3682 3160
3702 4178
3766 4941
3769 4270
3778 4907
3779 4937
3789 4957
3805 4301
3902 929
3904 2415
4220 5196
4228 5210
4277 4725
4289 5707
4319 5329
4383 5382
4391 4839
4398 4840
4402 4845
4427 5401
4430 5782
4458 5402
4513 4900
4521 5842
4583 5108
4593 5591
4678 5909
4733 5158
4740 1854
4798 5635
4843 5635
4853 5213
4856 5668
4857 4684
4869 5687
4871 6076
4881 5274
4889 5288
4946 5772
4965 5399
4972 4866
4985 5788
4994 5794
4995 5795
4996 5794
5000 5797
5001 5798
5019 5447
5061 6034
5092 5880
5132 5551
5173 5614
5242 5643
5312 5777
5320 5399
5330 5998
5335 6121
5336 6124
5358 6134
5362 4301
5377 5826
5379 5868
5381 6144
5395 5862
5459 5835
5497 6082
5531 6112
5561 6206
5566 6133
5575 6038
5580 6050
5606 5914
5644 6112
5645 5389
5647 5610
5688 6165
5705 6206
5714 6207
5717 6210
5722 6242
5757 4964
5766 6246
5772 6272
5785 6288
5817 6321
5838 6330
18 19
26
306 4899
472 4955
1480 2257
1770 3090
1789 3116
1826 1854
2787 1154
2864 5300
2881 3064
2994 3160
3053 2174
3768 4640
3880 5819
4081 4975
4145 5301
4187 185
4435 5210
4617 2415
4826 5774
5041 4115
5086 5880
5177 5711
5181 5399
5205 889
5387 5591
5476 5511
0 20
184
6 1283
26 1372
31 87
42 96
44 99
56 107
57 108
62 116
152 1541
236 366
284 1576
397 1749
525 1901
548 743
576 2042
604 2944
709 953
1115 1372
1155 2503
1161 1373
1163 1375
1179 1387
1193 131
1204 1464
1223 1457
1266 2635
1308 1561
1349 2729
1366 2707
1368 2724
1397 980
1410 1603
1477 1696
1493 372
1511 5558
1513 2843
1721 3039
1861 3164
1914 3303
1938 5783
1939 5784
2390 3492
2398 3539
2407 3437
2409 2498
2414 1367
2417 2505
2419 3506
2422 3511
2450 2467
2507 3626
2527 1496
2560 3669
2604 3682
2610 2713
2618 2714
2741 2867
2760 3769
2777 3818
2880 1639
3496 2515
3503 2514
3505 4288
3520 3462
3523 3522
3537 4242
3539 3521
3540 3561
3549 4305
3600 3623
3610 4349
3611 3632
3635 3646
3659 3647
3669 4873
3696 3687
3702 3698
3705 4406
3721 2695
3795 3764
3841 2882
3845 3805
3894 2973
3895 2974
4197 4684
4383 5225
4410 4288
4411 4289
4473 4356
4474 4854
4477 4860
4494 4392
4500 4882
4502 4403
4503 4404
4517 4383
4528 4887
4549 4911
4587 4450
4593 4456
4602 4939
4611 3798
4612 4943
4625 4951
4645 4955
4649 4980
4661 4976
4662 4977
4665 4988
4666 4989
4667 4991
4668 4992
4690 2027
4691 2028
4705 5022
4731 5388
4798 5558
5021 4186
5056 5221
5057 4801
5073 4828
5108 4861
5127 5291
5181 5526
5216 5343
5224 4934
5225 5352
5226 5353
5229 4934
5231 5354
5241 4962
5250 3812
5255 3035
5282 5404
5289 5113
5375 5596
5487 5215
5493 5221
5538 5272
5543 5288
5579 5526
5582 5522
5597 5530
5602 5341
5610 5538
5611 5539
5618 5552
5625 5540
5636 5364
5642 5664
5649 5559
5790 5467
5792 5467
5795 1283
5797 5239
5806 5246
5813 5492
5816 5645
5819 5281
5820 5504
5835 2925
5845 5723
5846 5724
5854 5556
5929 5628
5931 5698
5940 5628
5963 5721
5977 5783
5978 5784
6012 5698
6025 5706
6062 5793
6064 747
6095 5796
6106 5805
6108 5827
6111 5809
6112 5810
6137 5810
6151 5859
6155 5861
6158 5859
6169 5867
1 20
98
722 2146
727 895
822 662
1352 1335
1389 112
1400 1383
1410 1393
1562 1543
1604 3011
1752 406
2097 3011
2216 4624
2793 1366
2794 1367
2801 2505
2803 1375
2804 1373
2805 1374
2813 1383
2917 1485
2999 2665
3010 2677
3064 1597
3166 3816
3206 3840
3332 1790
3340 2877
3373 1823
3449 3112
3450 3127
3475 1984
3517 3069
3523 5561
4045 3506
4100 3562
4120 1485
4213 3682
4298 4494
4384 5041
4415 2909
4435 2917
4442 3852
4467 2934
4505 3061
4919 2515
4928 4843
5026 4383
5044 2686
5049 2690
5059 2831
5110 5355
5237 3908
5254 5036
5281 5065
5361 4616
5507 4741
5593 4825
5632 4368
5633 4369
5642 3647
5766 5013
5770 4521
5776 4991
5794 5687
5928 5407
6009 5273
6054 5340
6059 5540
6060 5541
6074 2097
6077 5343
6105 4976
6109 4981
6110 4982
6118 4989
6122 4991
6124 5559
6282 5215
6290 5221
6302 5240
6347 5534
6355 5350
6356 5351
6368 5731
6369 5731
6382 5665
6464 4856
6495 5538
6496 5539
6501 5729
6544 3011
6585 5772
6589 5814
6591 5811
6648 5812
6674 5795
6706 5851
6707 5852
2 20
206
43 99
57 112
68 1383
77 1396
180 250
181 251
238 278
244 313
252 327
317 1617
320 361
347 1636
357 1641
476 1749
565 1803
666 777
686 2027
1233 3011
1399 2882
1454 1362
1456 1367
1461 2505
1468 1375
1469 1376
1480 1387
1638 1571
1649 2668
1653 1562
1674 1594
1682 1597
1683 2694
1705 2733
1914 3805
1922 1823
1948 2884
2014 2944
2066 2026
2097 3061
2721 2498
2725 1363
2735 2509
2739 2514
2830 2605
2835 3611
2877 1555
2890 2677
2904 3682
2956 2754
3060 3766
3067 2843
3089 2867
3094 2877
3114 3817
3117 3824
3154 2950
3155 2951
3172 2980
3173 2981
3174 2977
3175 2985
3176 2986
3219 3069
3264 3932
3272 3946
3397 4046
3496 4120
3529 1275
3594 4569
3595 1283
3893 3506
3894 3511
3895 3512
3939 3539
3946 3462
3956 3571
3961 2565
3962 2568
3970 3622
3977 3632
3991 1485
4037 4390
4043 2690
4047 2690
4053 3684
4057 2707
4058 2711
4091 3707
4093 372
4169 4450
4217 4482
4232 3809
4244 4505
4252 4515
4264 4519
4351 3836
4355 4602
4378 4624
4426 4664
4763 4288
4841 4349
4863 4368
4864 4369
4869 3666
4950 4456
4957 4934
4965 4939
4968 4934
4972 4943
4979 4949
4980 4950
4982 4956
4984 4959
4999 4962
5000 4980
5003 4978
5008 4985
5016 3035
5043 5032
5054 5044
5060 5036
5092 5389
5124 5091
5450 5247
5471 4861
5473 4861
5483 5273
5490 4878
5499 4885
5500 4886
5509 3011
5511 4411
5514 4417
5516 4415
5531 4909
5547 4914
5548 4915
5587 5329
5588 5330
5594 5334
5603 4955
5605 5341
5608 5343
5614 4975
5615 4979
5623 4988
5624 4989
5638 5361
5650 5370
5652 5368
5653 5370
5655 5011
5657 5367
5659 5366
5672 5044
5684 5388
5919 5215
5923 5217
5924 5218
5946 5249
5972 5287
5995 5521
5999 2925
6011 5530
6021 5344
6022 5345
6033 5540
6035 5351
6037 2739
6043 5370
6049 5557
6053 5559
6090 5588
6130 4843
6185 5467
6206 5277
6207 5278
6209 5281
6225 5306
6242 5538
6243 5539
6252 5552
6253 5553
6254 4542
6258 5665
6390 4283
6400 5721
6405 5727
6419 5783
6420 5784
6467 4283
6470 5759
6481 5727
6483 5773
6499 5701
6500 5793
6512 5809
6516 5783
6517 5784
6525 341
6530 5795
6531 5796
6539 5823
6567 5843
6580 5839
6584 5853
6604 5874
3 20
53
226 549
466 107
519 372
1182 1593
1733 99
1750 109
1755 114
1864 5113
2314 3133
2572 3011
3063 1367
3067 2505
3070 1375
3072 1374
3083 1393
3433 5031
3568 4634
3625 456
3626 455
3628 3135
3848 372
4112 3506
4114 3511
4140 2919
4463 1749
4715 520
5057 3681
5161 4727
5197 2904
5537 5642
5566 12
5661 1283
5673 4450
5702 456
5703 455
5715 340
5852 5215
5855 4569
5860 5217
5861 5218
5862 3011
5938 5540
5995 3011
6016 3358
6102 3011
6171 4982
6230 5616
6276 5364
6312 4569
6314 3011
6322 5698
6350 3686
6452 5743
4 20
30
86 3011
444 3170
644 3666
996 3069
1261 247
1610 247
1710 455
2327 372
3181 3063
3193 5783
3194 5784
3247 3035
3679 3011
3722 4841
4231 3303
4618 3061
4971 4934
5033 5783
5034 5784
5487 455
5488 456
5565 5783
5566 5784
5666 5519
5757 4283
5990 4652
6055 4494
6061 5037
6168 5407
6380 3011
5 20
23
0 5743
1 1006
63 4120
196 549
257 247
1179 3061
1454 4727
2178 4634
2480 738
2508 3061
2995 5021
3383 5369
3613 3288
5064 4271
5170 4934
5392 4999
5398 3011
5793 4482
5803 4792
5895 3061
5994 5036
6274 2883
6682 5732
6 20
30
740 3061
1234 3710
1266 1639
1657 3011
2123 5015
2652 2926
3032 84
3197 5113
3198 5113
3204 5783
3266 3164
3290 3061
3353 587
4467 4271
4700 4934
4703 4934
4713 4934
4779 4969
4871 980
5310 3035
5643 233
5789 5783
5790 5784
5797 3035
5851 4283
5969 4952
5979 3011
5988 3358
5991 3011
6044 455
8 20
19
658 5558
1612 4457
2015 548
2272 3011
2654 2712
2877 1217
2926 3011
2941 3011
2950 3011
3013 247
3710 4727
3745 247
3754 247
3866 4535
4464 2919
4504 3908
5399 5558
5558 5339
5819 5351
9 20
19
173 4283
1400 1427
1993 3011
2419 3011
2602 587
3064 713
3389 3011
3598 4271
4151 2600
4456 4283
4457 1283
5142 1691
5370 3358
5639 4841
5698 4652
5749 372
5912 4283
5960 5628
6051 3011
10 20
16
252 3011
1638 3011
2173 2919
2961 1283
3187 2882
3550 5628
3791 4283
3824 5081
4050 1978
4872 4999
5048 4999
5242 5732
5384 2028
5392 5732
6033 5580
6122 587
11 20
25
238 3812
520 2027
594 2882
715 548
874 3011
1552 4575
1553 3011
1706 3011
1788 2882
2095 5113
2168 5743
2597 4969
2728 3011
2801 3011
2804 2802
3803 3011
4364 4575
4381 5407
4668 2882
4980 334
5053 2057
5056 3035
5143 5451
5329 3358
5654 4569
12 20
20
1211 549
1422 460
1820 4575
1821 5558
2328 2919
2541 4535
2613 5628
2705 3011
3446 2919
3934 3977
4083 587
4393 3011
4665 3011
4864 4741
4931 3011
5087 4575
5157 5558
5366 3011
5427 3035
5451 5558
13 20
28
596 3149
955 2033
1671 820
2187 462
2343 5558
2344 3170
2535 664
2656 2919
2833 460
2961 4569
3328 2288
3826 587
4025 5628
4229 5628
4451 587
4467 2033
4598 341
5109 3646
5200 3251
5525 4999
5554 5558
5602 5784
5754 3011
5937 2802
6110 5501
6157 4674
6352 5784
6353 5783
14 20
21
559 2831
697 502
1486 4542
1686 2037
2279 1006
2559 1639
2620 2831
3207 5558
3478 1217
3496 3682
3571 3170
3586 3063
3601 2027
4120 1748
4175 2802
4631 1748
4839 4934
5040 3011
5338 5557
5372 5784
5374 5557
15 20
22
213 3152
450 910
659 2028
938 4542
1227 2919
2427 1006
2616 5113
2693 5411
3151 2505
3319 372
3337 5339
3533 5052
3920 5339
4034 5679
4060 5558
4141 880
4367 1427
4462 3011
4731 2790
4777 5154
4949 5557
5072 5245
16 20
40
357 421
401 289
445 1782
1144 1369
1355 4727
1381 1283
1501 2867
1979 2882
2196 1366
2205 2505
2216 3358
2229 1393
2735 5382
2781 4490
3210 2515
3341 3666
3375 3683
3383 3710
3441 4456
3549 3308
3565 5051
3947 4843
3958 4288
3959 4289
3992 2097
4155 3011
4225 2712
4544 4861
4679 2925
4835 5217
4836 5218
4961 5732
4989 3170
4993 4727
5148 5557
5260 4569
5282 2288
5284 5616
5286 5698
5318 5519
17 20
80
34 81
70 98
102 81
378 406
388 421
391 421
421 4480
1174 1292
1217 1372
1237 2505
1247 1376
1249 113
1280 127
1370 1427
1433 1567
1823 3071
2369 1366
2401 1393
2668 4472
2671 2843
2672 3782
2694 3811
2705 2867
2765 3847
2785 3011
2868 2712
3374 3492
3396 3506
3403 3515
3491 3632
3569 3677
3572 3682
3656 3791
3659 3764
3666 4480
3789 5382
4049 4634
4265 4346
4273 4395
4274 4396
4287 4402
4316 4652
4373 4445
4374 4446
4391 4456
4395 4480
4425 4103
4427 4949
4482 3809
4727 3358
4798 4787
4815 4787
4838 4828
4873 4849
4875 4861
4954 5339
4955 5330
4972 4956
4982 4955
5000 4991
5011 4934
5198 5743
5223 5215
5232 5221
5283 5291
5288 5306
5310 5525
5335 5550
5336 5552
5338 5354
5339 5553
5381 5585
5536 5549
5597 5616
5606 5239
5644 5721
5682 5698
5706 4542
5760 3011
5768 5796
18 20
56
10 549
315 5557
406 1337
436 99
452 114
681 1782
933 2097
1178 247
1179 247
1350 247
1607 2505
2103 664
2334 247
2372 336
2787 3170
2788 2514
2844 3522
2896 1691
2949 3751
2962 3764
2986 5339
2994 2867
3015 3759
3053 2944
3448 3011
3449 247
3515 247
3566 247
3720 2515
3858 4450
3863 4456
3888 3798
4002 3859
4260 247
4304 2925
4374 4288
4381 4787
4431 4787
4476 2225
4527 5343
4622 5585
4648 5087
4826 5215
4827 5217
4828 5218
4830 5221
4856 5187
4906 5330
4943 5550
5118 5215
5157 5522
5181 5530
5200 5662
5202 5585
5402 5698
5518 3011
19 20
53
108 400
645 1790
833 2027
1154 3170
1439 1427
1468 1567
1626 372
1690 1677
1894 1691
2069 368
2111 5558
2192 5044
2948 2794
3077 1776
3126 372
3160 2867
3386 3061
3387 3069
3565 880
3765 1393
3826 3632
3922 1586
4131 3764
4294 2712
4451 3977
4489 3977
4663 3623
4791 4918
4839 4456
4856 4934
4866 4956
4870 4542
4875 4934
4957 5382
5215 4828
5362 3746
5387 5525
5388 5526
5408 5341
5427 5710
5432 4010
5465 2791
5482 5040
5493 3178
5702 5273
5797 4991
5814 5370
5894 5092
6082 5281
6112 5721
6119 5538
6120 5539
6124 5552
0 21
22
259 80
597 5737
758 851
1377 4778
1924 1966
2394 5488
2642 2664
2836 5326
2894 5488
2908 4778
3075 3034
3530 2505
3894 1374
4082 5280
4409 2762
4713 5992
4781 851
5362 5676
5600 3789
5832 3076
5879 6052
5989 5737
1 21
24
390 6052
518 1373
519 1374
1589 1805
2184 3835
2567 4964
3432 1372
3935 2917
4515 2621
4574 4217
4859 7
4928 3555
5068 5958
5216 2567
5407 5958
5502 3693
5602 2547
5625 5992
5866 789
5928 5151
5984 4082
6491 5972
6618 5737
6652 5653
3 21
29
1104 5143
1173 5958
1595 2181
1864 2917
2023 3442
2102 4726
2237 4627
2392 5737
2527 789
2561 2476
2768 5488
3490 4961
3691 5958
3925 3563
4062 4964
4461 5110
4585 4616
4715 728
4730 4726
5258 5171
5260 4797
5358 5151
5399 4538
5717 2242
5815 5569
5855 5992
5995 5243
6379 5737
6452 5569
5 21
18
4291 4133
4368 5883
4534 1654
4745 3789
5025 4133
5101 5690
5107 2592
5350 5883
5786 2592
5821 5958
6015 1793
6053 718
6096 5922
6270 5972
6413 5280
6621 5935
6682 5737
6687 4082
6 21
16
280 1324
438 4931
1548 4726
1661 5199
1962 675
2460 6093
3765 5992
3972 4726
4000 74
5094 4133
5277 5992
5644 5737
5942 5894
5980 4964
6005 5151
6007 4806
8 21
20
642 1805
1774 3832
2458 3823
2826 2241
2925 5958
3409 3741
3443 2462
4009 2701
4035 2701
4083 2241
4306 5760
4330 2105
4747 5972
4970 2105
5364 5280
5534 754
5605 4082
5708 4806
5716 5280
5773 4766
9 21
19
134 2288
173 2870
492 675
962 1626
1995 3034
2369 4214
2449 5569
3414 2505
4290 3459
5148 5488
5480 5243
5619 4766
5706 5569
5818 754
5820 754
5842 5690
5912 2870
5935 4045
6015 5178
10 21
23
423 3257
1668 3782
1769 5620
2012 4214
2840 1831
2862 5488
2956 5488
2982 5737
3048 4871
3880 4931
3883 1831
3885 4211
4150 5992
4299 4766
4733 735
4826 3034
5244 3442
5729 754
5730 754
5998 5972
6035 2713
6079 5969
6111 6087
11 21
23
527 4766
1705 2505
2800 3022
3121 839
3585 4588
3645 4797
3903 5599
4582 3034
4967 4117
5007 5677
5025 4841
5314 4778
5317 4778
5318 3034
5325 4766
5382 4949
5455 4964
5507 754
5586 151
5619 5862
5646 4806
5654 5992
5740 6087
12 21
30
183 74
1719 4894
1804 3459
1875 3475
2177 4214
2365 3034
2413 3009
2706 5958
3210 249
3603 4964
3800 4778
4313 5958
4392 3009
4421 2592
4467 4778
4591 789
4620 4961
4666 2592
4814 5583
4893 2181
4958 5972
5014 4778
5020 4797
5111 2547
5157 2241
5200 4961
5387 2547
5446 5958
5692 5992
5799 4964
13 21
23
410 5992
843 3015
2342 1925
2961 5992
3151 5599
3366 5958
3503 4778
3819 1404
3885 188
4887 600
5257 4964
5526 5243
5553 5992
5650 4778
5708 3174
5732 4871
6110 1378
6126 5856
6172 5367
6237 2699
6253 754
6282 152
6360 6043
14 21
25
283 1373
558 1324
776 5958
1006 1184
1326 4783
1544 645
1568 1378
1870 1892
1919 1928
2086 4964
2150 1717
2617 1805
2685 3981
2732 3963
2884 1885
3423 5137
3440 1372
3540 3776
3720 3098
3785 1952
4086 5167
4669 5737
4742 5320
4747 5326
5356 5867
15 21
26
802 215
943 2288
1114 2841
1332 390
1474 4627
1730 3776
1735 2181
1745 74
1946 4214
1982 1805
1987 1805
2309 2621
2498 5958
2616 2917
2886 1805
2891 1805
2903 1805
3328 675
3334 5992
3693 4914
4058 5320
4062 3789
4074 5326
4137 1805
4463 5992
4728 3555
16 21
18
250 1798
887 4568
941 5199
1266 6093
2470 5778
3437 675
3441 5137
3588 5538
3660 4831
3666 5326
3771 4217
3908 5569
4009 2621
4240 5537
4659 6026
4660 6027
5168 2869
5260 5992
17 21
21
1316 5280
2825 4766
2851 4831
2876 4778
3028 5737
3768 5325
3769 5326
3839 6059
3904 713
4056 5383
4501 5537
4740 5896
4816 2592
4943 5958
5039 5243
5469 2841
5544 5958
5545 6039
5686 4797
5710 4964
5791 6017
18 21
25
566 5151
1197 4211
1856 2181
1878 2869
1944 1373
1945 1374
1973 2701
2088 4060
2509 1805
2918 1374
2919 1373
3869 5958
3884 5992
3922 2181
3990 2621
4039 142
4211 723
4449 1374
4450 1373
4617 713
5076 2841
5393 2097
5418 1374
5506 5583
5519 5972
19 21
26
104 4211
1138 235
1601 4841
1709 315
2019 1374
2228 675
2415 713
2638 1318
3122 4778
3273 4130
3354 4831
3410 3776
3500 5280
4115 4799
4215 4452
4270 5326
5608 5992
5611 5992
5798 6027
5831 5537
5836 5537
5838 5537
5908 4766
6026 4082
6237 6096
6241 5958
20 21
20
787 396
1966 4607
2194 4045
3010 5958
3182 2476
3691 1652
3846 4961
4065 4964
4283 2870
4569 5992
4741 4452
5113 2917
5390 5780
5407 5151
5501 1378
5513 5958
5634 5552
5642 2505
5705 4627
5732 5737
0 22
28
1093 2737
1653 3595
1688 4935
1768 2722
1938 5635
1939 5636
2398 2845
2673 5677
2782 4673
2836 5468
3536 1648
3539 468
3558 3987
3895 5683
4139 4955
4732 5408
5211 4062
5237 5683
5314 4062
5728 5490
5731 4846
5733 5490
5750 4861
5774 4814
5902 3299
5960 2988
5977 5635
5989 4584
1 22
30
853 574
2087 2754
2220 574
2268 574
3077 3801
3376 4673
3420 232
3547 6163
4243 2146
4255 5635
5059 3027
5189 1554
5341 4672
5407 4585
5568 2750
5589 172
5820 5406
5973 2750
6120 5727
6164 5776
6243 3086
6254 4728
6266 6261
6313 5678
6394 5990
6445 218
6470 5635
6491 1983
6534 5738
6631 3801
2 22
18
1233 4061
2174 2507
2765 218
3070 282
3674 4062
3939 2845
3972 429
4594 4035
5287 4010
5780 5434
5830 4814
5869 4796
5889 4783
6130 3086
6314 5763
6468 5311
6510 218
6538 3801
3 22
37
736 2507
770 5259
838 4298
1524 4672
1525 2722
1951 4292
2401 574
2464 574
2480 574
2488 574
2520 574
2526 574
2560 574
3293 218
3305 5635
3416 4061
3636 2295
3691 4585
3794 574
3813 574
4432 2737
4562 1647
5032 5635
5033 5636
5164 5268
5298 5351
5660 3801
5824 5635
5911 5635
5912 5636
6034 5363
6055 5635
6097 4672
6217 1910
6314 4061
6425 5635
6473 5635
4 22
21
360 3388
444 218
1877 4722
2445 4553
3193 5635
3204 5447
3492 4062
3508 5273
3693 4672
4111 2778
4498 4920
4739 4920
4935 4547
5033 5635
5034 5636
5165 4663
5565 5635
5713 5701
5815 5635
5902 4961
6217 2778
5 22
18
744 5635
1345 4007
2200 4947
2507 2841
3105 6163
3490 5989
4913 6161
5101 4062
5106 4673
5137 3801
5350 218
5419 5268
5553 4693
5821 4585
5877 5635
5895 4951
6088 4062
6270 1983
6 22
16
740 4951
2443 4553
2700 4851
3064 5434
3820 5635
4005 5635
4391 6186
4469 4004
4520 875
4712 6254
4779 2703
5328 3582
5445 4673
5786 4547
5802 4961
5941 4672
8 22
22
2306 3568
2624 1985
2926 4061
3027 6057
3861 5635
4084 2704
4540 6115
4562 2579
4685 4061
4687 218
4742 3837
4747 1983
4903 4672
5341 3048
5477 5302
5527 218
5558 6177
5562 5768
5606 4672
5632 6182
5667 4756
5773 4672
9 22
16
587 4672
1386 2704
1400 2887
1916 5268
2816 4062
3169 4242
3413 4672
3414 4589
3493 6163
4499 4673
5326 5354
5410 4061
5480 184
5541 6161
5746 200
6038 4961
10 22
19
1614 4051
1638 4061
1699 4804
1765 4672
2018 5408
2041 608
2957 2778
2962 4062
3251 2704
4151 4672
4299 4672
4838 5311
4882 6163
5076 5230
5514 4672
5721 4512
5936 6098
5942 218
6045 5701
12 22
25
170 296
930 2579
2177 1751
2568 1782
2841 472
2983 1415
3122 5212
3290 5354
3560 3755
3622 2704
3623 2579
4195 218
4537 4749
4543 5701
4592 574
4597 3836
4817 5634
4939 4650
5205 1782
5391 5251
5409 5701
5431 5312
5446 4585
5678 6098
5696 5268
13 22
28
864 4137
1435 4134
2174 4141
2344 218
2548 4650
3195 2722
3366 4585
3376 5815
3580 608
4357 473
4358 472
4478 4062
4942 6105
5126 5557
5208 5311
5552 2778
5615 5727
5676 4660
5728 76
5924 6163
5938 4673
6027 3086
6109 2722
6110 2761
6139 5251
6193 5673
6267 4612
6323 6098
15 22
18
605 2012
883 4673
1328 3609
1536 5721
1928 184
1930 2778
2027 697
2282 4673
2689 5635
3337 6177
4037 5635
4058 5465
4061 4673
4166 5273
4174 4831
4511 472
4512 473
4634 5635
16 22
20
83 3086
688 4650
727 5678
2323 2887
2469 4589
2470 3801
3188 5311
3189 4061
3666 5468
3695 5625
3714 6174
4013 2530
4392 4589
4659 6241
4660 6240
4989 218
5055 2761
5247 3801
5265 4673
5349 3371
17 22
21
440 6177
636 4254
687 574
718 574
742 1961
1335 1162
1598 2753
1785 4825
2456 1162
3366 2778
3768 5469
3859 6163
3904 296
4432 3218
4446 5734
4666 2737
4943 4585
4954 6177
5000 6241
5039 184
5061 3829
18 22
16
316 1554
1825 4920
1895 2478
2787 218
2986 6177
4011 4148
4105 5311
4196 1581
4308 218
4790 3542
5087 4589
5131 2052
5164 4077
5205 4673
5357 4673
5568 3299
19 22
20
841 1961
971 4134
983 4134
1154 218
2073 2579
2398 4254
2450 5801
2658 2845
3105 6114
3260 3582
3386 4951
3422 4004
4472 4650
5014 4553
5429 5708
5711 4589
5797 6241
5908 4672
6113 5778
6265 2579
20 22
28
12 5971
821 578
910 904
1098 2722
1099 3801
1275 5311
1691 4001
2973 2750
2974 5683
3035 3823
3061 4951
3170 218
3539 2845
3545 476
3693 2750
3942 1537
4009 4559
4014 4559
4018 4559
4575 3801
4969 2703
5133 5311
5339 6177
5356 3015
5363 6171
5372 6078
5732 2616
5783 5635
21 22
107
97 2594
206 3868
433 1687
1297 2635
1378 2761
1517 2876
1553 1687
1568 1687
1572 3973
1607 4000
1608 3999
1609 4007
1610 4008
1712 2146
1833 1952
1834 1953
1838 3155
1911 4254
2018 3355
2423 2585
2472 3692
2518 3738
2519 3739
2529 208
2557 3783
2574 4655
2575 4654
2593 4589
2743 3958
2765 3982
2852 4004
2860 4018
3060 4148
3119 3194
3265 4258
3500 4672
3771 5241
3772 5242
3825 4667
3835 4590
3841 4693
3850 4699
3851 4698
3881 5313
3883 574
3925 5341
3933 5347
3942 4776
3954 5365
4109 5476
4139 4941
4205 5008
4208 5008
4534 5202
4593 2146
4615 1648
4618 1648
4633 5321
4671 5312
4677 5724
4699 5356
4700 5740
4766 4672
4806 5995
4831 4935
4894 3837
4933 5568
4942 5582
5088 5648
5203 5962
5224 5972
5243 184
5320 5465
5325 5469
5326 5468
5337 5484
5346 5857
5373 5311
5381 4949
5404 3609
5538 5931
5540 5933
5675 6013
5676 4912
5677 5868
5690 4062
5696 4955
5705 6035
5778 3801
5846 5989
5847 6098
5851 5989
5882 6127
5958 4585
5970 6185
5971 6186
5972 1983
5977 6191
6023 6288
6026 6241
6027 6240
6043 6249
6077 6164
6108 6284
6120 4553
6149 6295
6156 6295
