
1161 2804 1163 2803 1172 2808 1779 404 2409 4037 2410 4038 2422 4047 2588 3010 2604 4213 3659 5642 3981 630 4038 3284 4088 5936 4938 3507 5216 6077 5259 5717 5440 4627 5593 6361 5649 6124 5729 5277 5731 5307 5740 5799 5745 5282 5761 5285 5859 6075 5870 6089 5885 6107 5901 5794 5915 5808 6001 6126 6057 6250 
44 43 62 65 263 316 397 476 431 1857 551 534 604 2014 789 593 1162 2730 1163 1468 1172 2740 1179 1480 1353 4048 1532 3044 1549 1872 1550 3063 1655 3172 2409 2721 2410 2722 2417 1461 2419 3893 2421 1471 2422 3894 2423 3895 2589 4058 2592 4041 2669 2980 2721 3076 2728 3055 2729 4172 2741 3089 2761 3094 2831 4251 2832 3103 3006 3351 3059 3391 3505 4763 3599 3970 3600 3971 3611 3977 3729 4888 3763 4128 3779 4143 3788 4174 3806 4163 3811 4170 3828 4177 3845 1914 3849 4207 3854 4979 3874 4200 4139 3430 4293 3611 4485 4839 4501 4876 4587 4169 4593 4950 4602 4965 4612 4972 4632 5607 4645 5603 4649 5000 4665 5623 4666 5624 4667 4265 4671 4991 4672 4992 4706 5033 4710 5043 4714 5051 4750 5060 4789 4308 4808 5179 4923 4483 4932 4491 4948 3540 4991 4522 5048 5919 5117 5480 5118 5481 5173 5553 5190 5572 5216 5608 5221 5620 5236 6031 5241 4999 5259 5015 5292 5045 5328 6106 5354 6131 5381 4493 5384 5166 5385 5167 5389 5183 5396 5184 5408 5189 5414 5226 5421 5892 5440 4575 5442 5250 5496 6184 5548 5487 5592 6000 5597 6011 5602 5605 5610 6242 5618 6252 5625 6033 5630 4995 5634 6038 5639 5020 5640 5021 5641 5639 5647 6044 5649 6053 5683 5724 5713 6148 5722 5728 5723 5180 5729 5206 5730 5753 5735 5191 5740 5776 5758 5801 5761 5235 5764 5232 5772 5807 5774 5830 5797 5945 5809 6373 5819 6209 5820 6384 5833 6399 5854 6259 5858 6054 5895 6078 5906 5783 5914 6116 5916 6123 5931 6459 5963 6400 5968 6251 5978 6517 5980 6267 5998 6284 6025 6503 6053 6422 6054 6426 6070 6509 6079 6515 6084 6490 6111 6512 6112 6514 6115 6487 6132 6580 6149 6581 
44 1733 56 466 1161 3071 1162 3072 1163 3070 1365 754 1778 5337 2403 1724 2414 3063 2419 4112 2421 3074 2422 4114 2430 3079 3503 4925 5048 5852 5289 1864 5795 5661 5918 5732 5931 6322 
1156 2201 1162 2206 2411 2189 2417 2205 2419 3200 2422 3205 2423 3206 2741 1501 3503 3209 3505 3958 3506 3959 3919 3581 3926 3567 4510 4041 4511 4042 4593 3441 5048 4832 5108 4544 5593 4632 5618 4933 5695 1979 6012 5286 
50 74 778 2033 1156 1234 1193 1273 1332 1426 1353 1451 1362 2558 1363 1459 1420 1531 1423 1543 1500 2665 1513 2671 1655 1740 1663 2826 1752 723 2403 2363 2411 2366 2414 2370 2419 3396 2421 2377 2422 2378 2423 2379 2430 3403 2472 1327 2516 1344 2581 1413 2589 2551 2604 3572 2617 2566 2637 2579 2746 2708 2761 2730 2826 3762 2827 3763 2836 3769 2964 3835 3577 3487 3578 3488 3599 3485 3600 3486 3604 3489 3611 3491 3678 2537 3693 2545 3700 2538 3704 4314 3788 3657 3795 3659 3873 3730 3886 4480 3887 4481 3970 4550 4490 4267 4495 4263 4506 4287 4509 4277 4513 4305 4543 4324 4573 4369 4593 4391 4594 4393 4602 4402 4624 3702 4628 4442 4645 4982 4646 4434 4648 4436 4667 5000 4671 5019 4705 4491 5048 5223 5056 5232 5087 4849 5117 4880 5118 4881 5120 4280 5121 4281 5127 5283 5134 4889 5183 4946 5207 4420 5213 4985 5219 4993 5221 4997 5249 5012 5250 5013 5270 5375 5282 5053 5496 5235 5512 5250 5543 5282 5593 4963 5597 5320 5634 5551 5647 5558 5665 5574 5667 5575 5683 5585 5797 5606 5837 5531 5931 5682 5966 5651 5972 5656 5980 5712 5982 5714 6066 5767 6070 5740 6073 5700 6094 5766 6095 5768 6121 5792 
44 436 1161 1610 1162 1611 1163 1615 1166 450 2409 2763 2410 2764 2414 1602 2419 2780 2421 1616 2422 2785 2486 2826 2677 1758 2741 2994 2827 3009 2937 981 3795 2962 3845 3917 4410 4374 4593 3863 4594 4485 4611 3888 4750 4581 4774 4599 5048 4826 5056 4830 5216 4527 5582 5157 5597 5181 5618 4536 5931 5402 
397 1853 604 2174 620 899 1338 2768 1353 2798 1537 1894 1780 3344 2620 2854 2741 3160 2761 3140 2822 3350 2826 4263 2835 4271 2836 4270 3148 4535 3549 3787 3599 4662 3600 4663 3611 3826 3675 3891 3699 4732 3700 3911 3701 3938 3795 4131 3887 4910 4505 4714 4509 4725 4587 5382 4602 4845 4624 4178 4672 5450 4703 4966 5050 5635 5124 5272 5183 5772 5192 5776 5216 5789 5505 5650 5533 5931 5542 5693 5597 5399 5602 5408 5618 6124 5667 6038 5797 5914 5837 6112 5873 6149 5874 6150 5875 6151 5968 6131 6019 6165 6062 6215 6077 6235 6098 6272 
31 87 42 96 44 99 56 107 57 108 62 116 152 1541 236 366 284 1576 397 1749 525 1901 548 743 576 2042 604 2944 709 953 1155 2503 1161 1373 1163 1375 1179 1387 1193 131 1223 1457 1266 2635 1308 1561 1349 2729 1366 2707 1368 2724 1410 1603 1477 1696 1513 2843 1721 3039 1861 3164 1938 5783 1939 5784 2409 2498 2414 1367 2417 2505 2419 3506 2422 3511 2507 3626 2527 1496 2560 3669 2604 3682 2610 2713 2618 2714 2741 2867 2777 3818 3503 2514 3505 4288 3600 3623 3610 4349 3611 3632 3635 3646 3659 3647 3669 4873 3696 3687 3702 3698 3705 4406 3721 2695 3795 3764 3841 2882 3845 3805 3894 2973 3895 2974 4197 4684 4411 4289 4473 4356 4474 4854 4477 4860 4494 4392 4500 4882 4502 4403 4503 4404 4517 4383 4528 4887 4549 4911 4587 4450 4593 4456 4602 4939 4611 3798 4612 4943 4625 4951 4645 4955 4649 4980 4661 4976 4662 4977 4665 4988 4666 4989 4667 4991 4668 4992 4731 5388 5056 5221 5057 4801 5127 5291 5216 5343 5225 5352 5226 5353 5231 5354 5241 4962 5282 5404 5487 5215 5538 5272 5543 5288 5582 5522 5597 5530 5602 5341 5610 5538 5611 5539 5618 5552 5625 5540 5642 5664 5649 5559 5813 5492 5816 5645 5819 5281 5820 5504 5854 5556 5931 5698 5963 5721 6025 5706 6108 5827 6111 5809 6112 5810 6169 5867 


41 64 51 1484 293 389 1381 46 1382 47 1386 50 1389 57 1390 58 1394 63 1400 68 1511 172 1592 280 1925 2068 2160 3484 2794 1456 2801 1461 2805 2730 2808 2740 2809 1471 2917 3991 3009 250 3010 2890 3019 2893 3064 1682 3155 2996 3352 3091 3517 3219 4037 2721 4038 2722 4213 2904 4270 2983 4297 4290 4327 5057 4338 4316 4577 5230 4624 5298 5033 2868 5036 4867 5050 4088 5072 5648 5076 4069 5087 4093 5098 2980 5136 4170 5179 4239 5181 4243 5187 4245 5254 5060 5270 5200 5277 5206 5280 5224 5285 5235 5313 5849 5375 5287 5419 5348 5428 5359 5509 3524 5562 4763 5610 4820 5611 4843 5621 4851 5622 4852 5633 4864 5644 5475 5664 4891 5682 5524 5704 5572 5711 6050 5717 5015 5729 6058 5735 4972 5738 4979 5748 5693 5755 5008 5768 6089 5776 4265 5779 5726 5799 5776 5820 5801 5875 6166 5877 5869 6009 5483 6025 5975 6063 5580 6077 5608 6089 6268 6091 6072 6097 5621 6109 5619 6110 5620 6117 5623 6118 5624 6124 6053 6139 6117 6148 6308 6158 6317 6176 6337 6177 6329 6178 6147 6191 6165 6246 5179 6265 5761 6282 5919 6345 6256 6354 6412 6361 6007 6367 5600 6371 6417 6374 6288 6376 6284 6380 6422 6413 6345 6416 6324 6418 6335 6420 6343 6458 6185 6495 6242 6496 6243 6520 6443 6522 6449 6526 6452 6571 6383 6584 6401 6638 6546 6664 6547 6674 6530 
400 2078 587 2356 652 2378 686 2438 687 2439 696 2470 1349 435 1356 1720 1381 1741 1382 1742 1386 458 1400 3079 1724 3411 1864 3539 1971 3589 2052 2422 2091 4479 2800 3066 2801 3067 2803 3070 2804 3071 2805 3072 2809 3074 3062 3354 3196 3490 3284 3433 3297 4445 3388 4512 3441 4525 3453 4559 3454 4560 3473 4549 3535 5258 4037 4097 4038 4098 4045 4112 4047 4114 4189 4249 4309 4415 4458 5213 4467 5217 4540 5755 4576 5310 5044 5031 5070 5071 5099 5091 5179 5175 5188 5177 5208 5718 5277 5193 5644 5909 5731 5974 5735 5697 5763 6004 5770 6009 5777 6178 5961 5852 6025 5920 6059 5938 6062 5958 6063 5959 6077 6149 6105 6166 6106 6167 6109 6170 6110 6171 6117 6173 6118 6174 6122 6177 6126 5977 6178 6011 6349 6139 6363 6273 6364 6274 6520 6191 6589 6279 6670 6430 6674 6411 6678 6434 
1382 442 1386 445 1403 462 1830 3053 2794 1602 2800 1606 2803 1615 2804 1610 2805 1611 2809 1616 3447 1859 4037 2763 4038 2764 4045 2780 4047 2785 4515 3990 4586 1895 5961 4826 6037 5519 
727 895 1389 112 1400 1383 1562 1543 2793 1366 2794 1367 2801 2505 2803 1375 2804 1373 2805 1374 2999 2665 3010 2677 3064 1597 3166 3816 3206 3840 3332 1790 3340 2877 3373 1823 3449 3112 3450 3127 4045 3506 4298 4494 4415 2909 4435 2917 4442 3852 4467 2934 4505 3061 5026 4383 5237 3908 5254 5036 5507 4741 5593 4825 5632 4368 5633 4369 5766 5013 5770 4521 5776 4991 6009 5273 6054 5340 6059 5540 6060 5541 6077 5343 6105 4976 6109 4981 6110 4982 6118 4989 6124 5559 6282 5215 6347 5534 6368 5731 6464 4856 6495 5538 6496 5539 6501 5729 6585 5772 6648 5812 6674 5795 6706 5851 6707 5852 



45 1736 46 1741 47 1742 57 464 62 1753 63 472 368 3411 476 4463 610 2086 1456 3063 1471 3074 1834 4447 2664 5165 2730 3072 2740 3075 3594 6312 3893 4112 3894 4114 4169 5673 4950 5684 5038 5753 5462 6250 5919 5852 5923 5860 5924 5861 6530 6411 
50 1148 1469 2210 2720 2180 2730 2206 2739 3209 3089 1501 3144 3772 3893 3200 3894 3205 3895 3206 5652 4944 5919 4832 5923 4835 5924 4836 6049 5148 6254 5371 
50 74 58 1248 66 84 314 1544 666 1903 1455 2369 1461 1237 1469 1247 1481 1265 1482 1266 1659 1445 1681 245 2730 2373 2735 2376 2904 3572 2979 368 3047 3647 3134 2767 3893 3396 3895 2379 3977 3491 4005 3543 4041 3568 4043 3569 4054 4323 4174 3657 4433 5172 4872 4306 4876 4276 4881 2552 4950 4391 4983 2729 5475 4280 5588 4955 5593 4963 5600 4976 5652 5024 5724 5585 5919 5223 6018 5326 6030 5335 6038 5551 6044 5558 6184 5235 6202 4874 6258 5547 6405 5748 6459 5682 6463 5688 6531 5768 
45 440 47 442 50 445 63 451 736 881 1461 1607 1468 1615 1471 1616 2721 2763 2722 2764 2730 1611 2739 2788 3089 2994 3893 2780 4005 3753 4174 3859 4763 4374 4950 3863 5588 4906 5650 3991 5923 4827 5924 4828 5945 5132 6011 5181 6252 4536 6459 5402 
533 1910 559 1949 686 833 1944 4263 2014 2174 2097 3386 3047 4832 3089 3160 3103 4876 3928 3813 3977 3826 4232 4909 4965 4845 4980 4178 4992 5450 5025 5442 5056 5478 5106 5874 5133 5895 5481 5274 5605 5408 5608 5789 5693 6037 5707 6050 6003 5776 6213 6085 6251 6131 6400 6112 6410 6237 6484 6235 
43 99 57 112 68 1383 180 250 181 251 244 313 252 327 317 1617 320 361 347 1636 357 1641 476 1749 565 1803 666 777 686 2027 1454 1362 1456 1367 1461 2505 1468 1375 1469 1376 1480 1387 1638 1571 1649 2668 1653 1562 1674 1594 1683 2694 1705 2733 1914 3805 1922 1823 1948 2884 2014 2944 2066 2026 2097 3061 2721 2498 2725 1363 2735 2509 2739 2514 2830 2605 2877 1555 2890 2677 2956 2754 3060 3766 3067 2843 3089 2867 3094 2877 3114 3817 3117 3824 3154 2950 3155 2951 3172 2980 3173 2981 3174 2977 3175 2985 3176 2986 3219 3069 3272 3946 3397 4046 3496 4120 3893 3506 3894 3511 3895 3512 3956 3571 3961 2565 3970 3622 3977 3632 3991 1485 4037 4390 4053 3684 4057 2707 4058 2711 4091 3707 4169 4450 4217 4482 4244 4505 4252 4515 4378 4624 4426 4664 4763 4288 4841 4349 4863 4368 4864 4369 4869 3666 4950 4456 4965 4939 4972 4943 4979 4949 4980 4950 4984 4959 4999 4962 5000 4980 5003 4978 5008 4985 5016 3035 5043 5032 5060 5036 5092 5389 5124 5091 5471 4861 5499 4885 5500 4886 5511 4411 5514 4417 5516 4415 5547 4914 5548 4915 5587 5329 5588 5330 5594 5334 5603 4955 5605 5341 5608 5343 5614 4975 5615 4979 5623 4988 5624 4989 5638 5361 5655 5011 5657 5367 5919 5215 5923 5217 5924 5218 5946 5249 5972 5287 5995 5521 6011 5530 6021 5344 6022 5345 6033 5540 6035 5351 6053 5559 6090 5588 6206 5277 6207 5278 6209 5281 6242 5538 6243 5539 6252 5552 6253 5553 6400 5721 6405 5727 6419 5783 6420 5784 6531 5796 6567 5843 




900 1934 1055 5540 1120 4846 2356 5542 3521 5474 3568 2178 3578 5513 3586 5516 3625 3750 3626 3751 4445 6318 4534 6347 4716 6461 4911 4930 4953 4079 5086 4361 5178 6503 5191 4528 5198 6518 5232 6349 5233 6354 5656 6476 5698 5308 6259 6581 6446 6764 6447 6765 
457 75 1756 82 2392 3028 3063 2370 3066 1236 3067 1237 3083 2401 3712 4568 4098 3391 4112 3396 4114 2378 4415 1597 5281 2870 5632 4372 5852 5223 5995 5039 6230 5597 6322 5682 
458 445 472 451 750 4711 878 1994 1733 436 1735 439 1736 440 1742 442 1755 452 1756 453 3063 1602 3066 1606 3067 1607 3070 1615 3071 1610 3072 1611 3074 1616 3691 3869 4097 2763 4112 2780 4114 2785 5357 3883 5860 4827 5861 4828 6322 5402 6468 5594 
466 107 519 372 1733 99 1750 109 1755 114 1864 5113 3063 1367 3067 2505 3070 1375 3072 1374 3433 5031 3568 4634 4112 3506 4114 3511 4140 2919 4463 1749 5673 4450 5852 5215 5860 5217 5861 5218 6230 5616 6276 5364 6322 5698 





615 2012 616 2013 983 1101 1125 1355 1545 2888 1721 3148 2335 5591 2669 2708 2891 4148 3010 4317 3078 4426 3100 3190 3101 3191 3190 4434 3333 3604 3401 4742 3455 3712 3480 3713 3538 4763 3557 3814 3597 3833 3605 3839 3642 3901 3851 3969 3854 3985 3859 4916 3861 3974 3863 4915 3875 4923 4046 5072 4126 4323 4157 4337 4197 5202 4341 5417 4346 5434 4401 4673 4444 4626 4500 4712 4508 4708 4521 4721 4525 4740 4533 4760 4558 4764 4597 4805 4600 4827 4601 4828 4619 4824 4621 4833 4751 4881 4784 5660 4904 5755 4937 5757 4950 5158 4954 4243 4987 5189 5009 5221 5011 5888 5081 5442 5092 5423 5122 5379 5186 5482 5201 6010 5236 5552 5237 5553 5249 4793 5367 6101 5373 6104 5446 6162 5481 5779 5494 5108 5495 5109 5513 6221 5518 6230 5547 5842 5581 5905 5636 6316 5669 6055 5834 6198 5835 6418 5836 6419 5838 6436 5842 6215 5850 6442 5851 6443 5893 6256 5895 6260 5904 6470 5909 6283 5924 5942 5941 6488 5949 6302 5964 6326 5972 6331 5989 6347 6100 6563 6142 6475 6143 6478 6212 6625 6238 6651 6257 6662 6273 6606 6305 6690 6306 6691 6361 6699 6365 6708 6368 6705 6369 6706 6397 6735 6413 6758 6424 6752 6428 6771 6434 6770 
348 1558 861 2154 1569 365 1921 1879 1922 1880 1998 4076 2174 992 2253 4956 2254 4957 2798 326 2965 2820 3021 591 3028 2897 3078 2980 3111 4074 3180 3025 3224 3064 3351 2053 3811 2543 3814 2550 3815 2551 3932 1527 3967 349 3969 350 4098 3860 4126 3894 4136 2884 4222 5281 4258 3988 4405 3170 4756 3669 4796 4518 4874 4564 4885 4579 4937 3826 4947 3854 4953 3870 5006 4771 5070 4778 5079 4129 5122 5621 5127 4780 5363 4472 5365 4473 5464 5150 5483 5194 5489 4644 5513 5205 5544 5574 5547 5578 5551 5584 5633 5657 5636 5645 5638 5830 5746 5453 5757 5851 5770 5067 5771 5065 5772 5066 5814 5143 5838 5536 5842 5197 5885 5572 5891 5782 5902 5802 5923 5800 5927 5803 6055 5716 6068 5725 6114 5768 6128 5900 6143 5908 6203 5711 6238 5882 6249 5970 6268 5977 6305 5955 6306 5956 6341 5938 6345 6006 6349 5954 6362 6055 6365 6053 6424 6078 6425 6079 
86 4665 1086 1091 1116 1094 3022 4997 3455 3089 3622 806 4535 5163 5207 5138 5208 5137 5227 5450 5236 5143 5237 5142 5260 5162 5265 4690 5713 4543 5964 5590 5989 5592 6011 5593 6158 5564 6372 5733 6376 5676 






563 1757 3136 1722 3138 517 3450 4829 3570 4903 4305 531 4308 2870 4383 5281 4386 4750 4426 2980 4534 4175 4711 4972 4712 4973 4716 5411 5147 4644 5202 5251 5221 5258 5468 4834 5644 4501 5670 4518 5757 3826 5843 5584 5882 3950 6000 5657 6215 5197 6240 5784 6283 5801 6298 5604 6313 5830 6316 5645 6413 5877 6482 5796 6603 5902 6752 6078 6753 6079 
1166 3459 1168 3446 2501 4322 2586 3506 3782 4291 3783 4290 3811 4317 4444 3135 4743 5508 4751 4982 4755 4985 4772 4997 5396 4822 5517 5795 5876 5892 5950 5744 6032 5971 6283 5936 6326 6049 
1192 3211 2534 3220 3455 3176 3695 5049 3770 4025 3783 4629 3807 4644 4596 5086 4746 4625 4751 4635 4772 4649 5101 3708 5488 4455 5949 2427 6028 5539 6415 4012 
628 798 1194 2133 1273 1097 1296 1091 2456 3297 2501 3183 2589 991 3750 3894 3751 3893 3770 3962 3807 4608 3814 4659 3824 3949 4711 4626 4725 4610 4726 5160 4729 5177 4740 5159 4743 5138 4746 4598 4751 4604 4752 5164 4755 4603 4760 4600 4763 4658 4768 5172 5502 5442 5513 5197 5516 5195 5538 5450 5553 5142 5573 5179 5589 4691 5590 4690 6313 5581 6326 5590 6347 5592 6461 4638 6705 5813 6706 5814 6711 5774 6772 5834 







1722 264 2961 1563 2980 395 3100 3831 3184 2949 3854 3598 3860 2626 4040 3747 4342 4045 4514 4138 4821 3855 4846 5017 4937 4616 5085 5193 5167 4841 5197 4905 5205 4919 5215 4895 5323 5339 5363 4554 5373 5087 5411 5148 5464 5192 5468 5455 5508 5230 5575 5545 5578 5539 5617 5346 5645 5382 5724 5453 5801 5570 5830 5606 5857 5627 5858 5624 5945 5723 5946 5724 5970 5829 6015 5735 6038 5813 6078 5851 6079 5852 
543 4991 3623 2556 3624 2557 3637 2582 4476 3579 4801 1878 5046 4291 5062 4303 5233 5312 5449 4821 5466 4316 5468 4854 5575 5519 5703 5214 5857 5479 5858 5480 5945 5618 5946 5619 6001 5706 6007 5708 6037 5787 6078 5819 6079 5820 








1037 1084 1795 3861 3123 3140 3252 3267 3265 4093 3273 4060 4403 3838 4417 3856 4420 4972 4663 5125 4748 4319 4964 4491 5017 5006 5087 5061 5192 4307 5298 4461 5384 5384 5385 5385 5539 5517 5544 5521 5545 5519 5570 5530 5624 5480 5628 5478 5677 5641 5721 5617 5723 5618 5724 5619 5851 5819 5852 5820 
2922 3215 2962 3198 3838 4160 3937 4965 4137 4496 4142 3718 4334 4706 4514 5422 4616 4955 4877 4644 4883 5192 4906 4667 4962 5624 4967 5301 4972 5309 4984 5637 5017 5318 5088 5408 5455 5488 5490 5191 5497 5552 5502 5557 5511 5590 5600 5410 5624 5869 5627 5743 5628 5487 5640 5494 5694 5931 5696 5932 5721 5868 5723 5874 5724 5875 5725 5745 5828 6033 5833 6056 
1037 939 1350 3467 2598 1316 3596 2390 3600 2388 3686 3521 4056 4557 4057 4558 4294 4250 4307 4259 4591 5021 4877 4805 5081 4519 5148 5080 5182 4657 5497 5445 5499 5217 5608 5336 









643 2048 1342 80 2556 3639 2557 3640 3102 4263 3517 3615 3524 2513 4263 5008 4270 4455 4274 3617 4275 3620 4276 5015 4306 5060 4524 5651 4796 5006 4817 4446 4834 5037 4967 4771 5077 4955 5204 5018 5214 5461 5215 5462 5220 5465 5237 5481 5317 5328 5319 5645 5352 5816 5362 5836 5471 5725 5478 5487 5479 5743 5480 5869 5538 5676 5559 5689 5560 5690 5617 5868 5618 5874 5619 5875 5622 5745 5626 5950 5630 5881 5708 5949 5709 5952 5819 6068 5820 6069 










780 1779 1691 1404 1725 1424 2356 1969 2833 3727 2871 1402 2900 2670 2951 1462 3018 2719 3023 1509 3028 1513 3730 3567 3736 3568 3902 3703 3966 3769 3983 3775 4023 3797 4114 4756 4640 4526 4644 4556 4648 4538 4653 3739 4675 4566 4681 4594 4689 3762 4697 4630 4698 4598 4714 4607 5075 5053 5192 5177 5199 5175 5207 5613 5216 5187 5221 5195 5229 5196 5292 5282 5378 5364 5492 5833 5545 5149 5637 5714 5660 5936 5669 5744 5689 5384 5690 5385 5764 5847 5770 5854 5775 5588 5776 5866 5778 5605 5816 5937 5826 6037 5878 5981 5990 6055 5998 6101 6005 6141 6008 6112 6022 6146 6027 6134 6069 6166 6072 6171 
1702 1279 2134 1831 2833 3448 2860 2388 2933 1267 3023 1326 3037 2454 3902 3390 3937 3459 3949 3447 3958 2364 3962 3476 3986 4284 4019 2426 4207 5106 4644 4805 4672 4252 4675 4232 4681 4257 4689 4237 4695 4256 4715 3478 4716 3479 4828 3845 4924 4521 4955 4564 5183 4769 5193 4821 5199 4793 5207 4791 5216 4802 5221 4247 5225 4815 5229 3450 5550 5446 5552 5445 5554 5217 5556 4790 5559 5210 5561 5216 5583 4810 5689 4557 5690 4558 5776 5429 5778 5196 5783 5447 5815 5507 5816 5514 5996 5661 5998 5700 
2860 2435 2871 2394 2933 1264 3962 4284 3966 4251 4019 2436 4652 4779 4669 4269 4672 4266 4681 3484 4689 3436 4715 4260 4716 4261 4924 5045 4955 3089 5216 4813 5221 4239 5554 5499 5556 5271 5558 5294 5565 5278 5689 3893 5776 5475 5778 5255 5816 5575 











569 1782 1461 2404 1509 1326 1800 1716 1880 2895 2228 2096 2229 2097 2315 2145 2605 2354 2629 2389 2633 2388 2639 2364 2640 2366 2656 1273 2671 3466 2675 2428 2698 2412 2715 1315 2721 1325 2745 2454 2821 2675 2975 2844 3042 3846 3174 5106 3513 3236 3703 3390 3712 3407 3727 3448 3735 2373 3740 2390 3758 3456 3762 4237 3769 4248 3894 3684 3895 3685 3929 4415 3938 3667 3939 3718 3950 4432 4283 4022 4516 3384 4526 4757 4545 4206 4556 4805 4566 4232 4568 4236 4582 4252 4594 4257 4595 4263 4606 4254 4607 4255 4618 4273 4635 2804 4669 4903 4688 3629 4702 4372 4794 5007 4804 5045 4861 5117 4909 4547 4982 4635 4985 4636 4991 4037 5091 4711 5114 4723 5116 4726 5165 4208 5175 4793 5182 4794 5184 4800 5186 4803 5187 4802 5195 4247 5260 4926 5276 5289 5283 5291 5286 4935 5342 5339 5371 5101 5379 5018 5384 4557 5385 4558 5412 5346 5488 5074 5564 5163 5575 4148 5577 5174 5579 5178 5588 5425 5597 4751 5605 5196 5606 5198 5610 5195 5612 5438 5613 4791 5622 4799 5676 5285 5689 5311 5710 5511 5714 5515 5744 5521 5759 5332 5765 5335 5854 5415 5856 5168 5862 5419 5866 5429 5877 5443 5878 5441 5880 5442 5881 5219 5905 5601 5906 5267 5911 5483 5913 5485 5917 5613 5929 5618 5934 5621 5936 5509 5937 5514 5967 5384 5989 5558 5991 5418 5993 5434 5994 5439 6024 5623 6030 5620 6039 5640 6049 5645 6063 5658 6085 5684 6096 5692 6097 5695 6110 5739 6111 5740 6132 5694 6135 5697 6137 5731 6139 5737 
206 307 1335 2287 1461 2405 1721 1724 2605 2362 2625 2438 2633 2435 2656 2396 2671 3477 3738 3439 3751 3454 3762 3436 3769 4251 3775 4262 4283 4610 4322 3183 4550 4825 4551 3419 4564 4832 4574 4274 4582 4266 4594 3484 4680 3573 4982 4604 4985 4603 5149 4765 5169 4774 5184 4808 5187 4813 5195 4239 5354 4501 5364 5045 5474 4598 5488 4551 5499 4545 5507 5137 5508 5138 5577 5226 5605 5255 5612 5483 5866 5475 5872 5487 5929 5573 5934 5576 5936 5678 5937 5575 5954 5581 5967 5430 6045 5565 6049 5590 6110 5794 
569 3643 971 1306 1402 3839 1404 2651 1461 2618 1513 1392 1746 4432 1779 4549 2228 2596 2229 2597 2698 3840 2745 2657 3769 4718 3770 5357 3894 4358 3895 4357 4595 5360 4651 5926 4770 6018 4789 5210 4794 5732 5177 5814 5195 5329 5474 5781 5785 6167 6023 6357 6085 6358 6137 6381 












939 875 1053 902 1273 2396 1276 1304 1685 1724 1805 1722 2061 877 2083 870 2354 2362 2355 2319 2362 4219 2380 2423 2388 2435 2411 2422 2426 2436 2751 1660 3202 3184 3446 2413 3464 4262 3466 3477 3475 3476 3478 4260 3479 4261 3592 2554 3875 3854 4022 4610 4025 3962 4042 3968 4185 4765 4229 4213 4232 4225 4236 4810 4237 3436 4241 3454 4247 4239 4248 4251 4249 4244 4252 4266 4258 4826 4263 4840 4264 4286 4358 4335 4460 3745 4557 3893 4558 3894 4564 3089 4625 4598 4635 4604 4636 4603 4644 4608 4649 3970 4650 3971 4652 4625 4657 3988 4658 3989 4671 3973 4775 4776 4776 4777 4790 5271 4791 4795 4802 4813 4804 4820 4815 4823 4832 4853 4834 4817 4926 4981 4939 4450 4949 4413 4950 4414 4960 4428 5031 5018 5040 5062 5056 5427 5174 5226 5196 5255 5216 5282 5222 5494 5256 5313 5292 5376 5332 5036 5336 5405 5337 5399 5354 5067 5384 5430 5389 5125 5429 5475 5438 5483 5454 5505 5465 5511 5483 5545 5502 5390 5503 5391 5506 5574 5509 5678 5514 5575 5537 5586 5540 5589 5591 5520 5592 5517 5609 5661 5610 5662 5614 5668 5618 5573 5621 5576 5623 5681 5633 5565 5645 5590 5660 5707 5662 5708 5671 5715 5712 5770 5737 5792 5739 5794 5749 5815 5781 5850 
360 3166 571 2153 1315 1372 1352 2669 1660 3385 2097 2597 2404 2618 2412 3840 2413 3841 2415 2628 2439 2640 2454 2657 2571 4211 2645 5010 2744 5057 2749 4374 2843 5158 3179 3804 3437 4693 3445 4704 3447 4711 3464 4726 3487 4729 3609 5466 3684 4358 3685 4357 3714 5112 3796 5743 4053 4675 4241 5332 4247 5329 4248 4718 4254 5327 4258 5344 4263 5360 4273 5340 4415 5610 4465 5951 4467 5667 4521 5180 4625 5781 4636 5786 4644 5787 4804 5804 4811 6059 4812 5823 4824 5815 4932 6132 4939 6124 4978 5994 5007 5732 5008 6028 5216 6053 5219 6045 5226 6060 5252 6226 5294 6127 5297 6126 5308 6150 5337 6158 5340 6153 5445 6199 5446 6200 5501 6140 5506 6175 5509 6323 5587 6282 5591 6292 5636 6251 5672 6351 5739 6400 













877 2595 1306 2637 2394 3839 2405 2618 2417 2628 2841 4358 2842 4357 2934 4460 3449 3845 3450 4690 3454 5332 3468 3875 3484 5354 3521 5387 3894 5228 3949 5272 4239 5329 4251 4718 4262 4726 4265 4733 4270 5357 4429 5054 4430 5055 4535 5999 4598 5781 4603 5786 4608 5787 4823 5341 4826 5344 4854 5825 4863 5835 5049 5985 5302 6212 5313 6085 5361 6119 5376 6132 5399 6158 5498 6057 5499 6197 5500 6199 5520 6292 5568 6255 5678 6323 5682 6326 5732 6357 5735 6360 5794 6400 





























165 238 1228 168 1229 169 1230 1246 1477 1419 1500 1407 1509 2429 1510 2430 1683 1657 2303 2237 2361 167 2375 1262 2448 1325 2521 1428 2571 1472 2626 1735 2893 1799 3306 3217 3315 2276 3363 3847 3367 2471 3376 1349 3377 1350 3389 3273 3435 2415 3455 2461 3456 2450 3457 2451 3507 2470 3616 2634 3723 2751 3736 2754 3740 3568 4019 3274 4041 3245 4042 3851 4062 4432 4227 3446 4426 3696 4513 3282 4532 4416 4535 3958 4540 3969 4543 3271 4545 4344 4561 3862 4572 4450 4578 3868 4581 3284 4606 3313 4696 3421 4718 4485 4741 4057 4742 4058 4747 4074 4893 3808 4905 4408 4908 4706 4932 4349 4988 3968 5006 4448 5138 4413 5139 4326 5142 4644 5143 4645 5144 4386 5147 4698 5169 4671 5170 4364 5172 4890 5275 4917 5354 5008 5409 5144 5455 5233 
266 251 1499 2510 2520 2392 2559 2441 2563 2405 2832 1807 3303 2282 3466 2407 3507 2421 4123 3359 4146 3454 4609 4086 4614 4096 4678 3458 4679 3459 4741 3654 4742 3655 4747 3666 4955 4559 4983 4589 5169 5073 5170 4875 5338 5148 
















1139 62 1753 1807 2177 1148 2181 2211 2184 68 2293 4001 2394 2359 2470 2421 3145 2189 3151 2205 3158 3205 3266 3310 3267 3311 3513 3634 3544 1824 3570 2774 3779 3200 3898 4074 4057 3654 4355 4545 4364 4875 4475 4275 4655 5207 

















68 81 69 82 329 1502 596 1840 786 735 1142 1230 1148 74 1149 75 1276 1414 1321 2551 1324 2565 1407 386 1965 890 2189 2366 2201 1234 2205 1237 2210 1247 2211 1248 2258 3471 2303 1361 2378 2545 2381 2544 2392 1456 2410 336 2444 2560 2452 1477 2508 2615 2512 2628 2550 2652 2755 2802 2774 2821 3193 2364 3200 3396 3205 2378 3206 2379 3276 1366 3325 2537 3379 4321 3396 3603 3411 3644 3412 3647 3441 4391 3453 2644 3484 3685 3654 3762 3655 3763 3666 3769 3668 3772 4047 4288 4056 4280 4057 4281 4071 5290 4106 4343 4107 4344 4120 4361 4144 3633 4192 4988 4231 4493 4247 4452 4497 5232 4544 4875 4579 5302 4582 4901 4589 4902 4592 4907 4603 4925 4632 4963 4832 5223 4866 5278 4881 5510 4893 5292 4933 5336 5005 5068 5211 5694 5238 5651 5242 5744 5243 5745 5286 5682 
68 452 69 453 1148 445 1431 1997 1501 2994 2206 1611 2209 1615 2465 4711 2533 1789 3200 2780 3204 2779 3209 2788 3441 3863 3451 1780 3958 4374 4497 4830 4790 3870 4835 4827 4836 4828 4989 2787 4994 5507 5286 5402 
400 473 448 1729 1501 3160 1837 1881 2497 3080 2533 3116 2667 5441 2735 4957 2972 1129 3187 3766 3407 4816 3412 4832 3441 4839 3590 4838 3612 3109 3654 4263 3666 4270 4129 4835 4184 4179 4636 5399 4661 6000 4662 6001 4679 5389 4898 5769 5100 6112 5371 6133 
357 421 401 289 445 1782 1144 1369 1501 2867 2196 1366 2205 2505 2229 1393 3210 2515 3341 3666 3375 3683 3441 4456 3958 4288 3959 4289 4544 4861 4835 5217 4836 5218 5284 5616 5286 5698 


















81 452 82 453 84 456 1236 1606 1237 1607 1414 597 1623 1770 2370 1602 2373 1611 2377 1616 2378 2785 2463 498 2705 2994 2741 4927 3390 2763 3391 2764 3488 3757 3579 4960 3644 2949 3904 4617 4382 3857 4391 3863 4393 4485 4398 4491 4955 4906 4965 5181 5013 3997 5232 4830 5318 4917 5682 5402 
1451 2798 1454 1525 1568 2960 1590 3047 1597 1797 1623 3090 1740 4218 2349 3774 2511 2732 2520 3903 2538 3911 2651 4090 2705 3160 2730 3140 2779 4185 2808 4143 2901 4335 3080 4537 3393 4625 3485 4662 3486 4663 3491 3826 3508 4702 3516 5239 3555 5268 3574 3988 3615 3992 3634 4044 3647 4832 3659 4131 3702 4178 3778 4907 3805 4301 3904 2415 4277 4725 4289 5707 4319 5329 4383 5382 4391 4839 4398 4840 4402 4845 4427 5401 4430 5782 4458 5402 4521 5842 4733 5158 4798 5635 4853 5213 4857 4684 4871 6076 4881 5274 4889 5288 4946 5772 4965 5399 4985 5788 4994 5794 4995 5795 5000 5797 5001 5798 5061 6034 5092 5880 5132 5551 5173 5614 5312 5777 5330 5998 5336 6124 5379 5868 5497 6082 5531 6112 5575 6038 5580 6050 5688 6165 5714 6207 5717 6210 5722 6242 5766 6246 5785 6288 5817 6321 5838 6330 
34 81 70 98 388 421 1174 1292 1237 2505 1247 1376 1249 113 1280 127 1433 1567 1823 3071 2369 1366 2401 1393 2668 4472 2671 2843 2672 3782 2694 3811 2705 2867 2765 3847 3374 3492 3396 3506 3403 3515 3491 3632 3569 3677 3572 3682 3656 3791 3659 3764 4273 4395 4274 4396 4287 4402 4373 4445 4374 4446 4391 4456 4427 4949 4875 4861 4954 5339 4955 5330 4972 4956 4982 4955 5000 4991 5223 5215 5232 5221 5283 5291 5288 5306 5310 5525 5335 5550 5336 5552 5338 5354 5339 5553 5536 5549 5597 5616 5644 5721 5682 5698 5706 4542 5768 5796 



















406 1337 436 99 452 114 681 1782 1607 2505 2788 2514 2844 3522 2949 3751 2962 3764 2994 2867 3720 2515 3858 4450 3863 4456 3888 3798 4002 3859 4374 4288 4826 5215 4827 5217 4828 5218 4906 5330 5157 5522 5402 5698 




















645 1790 833 2027 1690 1677 2948 2794 3077 1776 3160 2867 3386 3061 3387 3069 3826 3632 4131 3764 4451 3977 4663 3623 4791 4918 4839 4456 4856 4934 4866 4956 5362 3746 5387 5525 5388 5526 5408 5341 5797 4991 5894 5092 6112 5721 6119 5538 6120 5539 6124 5552 











































97 2594 1297 2635 1378 2761 1517 2876 1572 3973 1607 4000 1608 3999 1609 4007 1610 4008 1833 1952 1834 1953 1838 3155 2423 2585 2472 3692 2518 3738 2519 3739 2557 3783 2574 4655 2575 4654 2743 3958 2765 3982 2852 4004 2860 4018 3060 4148 3119 3194 3265 4258 3771 5241 3772 5242 3825 4667 3841 4693 3850 4699 3851 4698 3881 5313 3925 5341 3933 5347 3942 4776 3954 5365 4109 5476 4205 5008 4534 5202 4671 5312 4677 5724 4699 5356 4700 5740 4806 5995 4831 4935 4933 5568 4942 5582 5088 5648 5203 5962 5224 5972 5320 5465 5325 5469 5326 5468 5337 5484 5346 5857 5381 4949 5538 5931 5540 5933 5675 6013 5676 4912 5677 5868 5705 6035 5847 6098 5882 6127 5970 6185 5971 6186 5977 6191 6043 6249 6149 6295 























