23
0 58 203 40 0 21 22 0 18 20 20 18 0 0 30 23 47 139 54 90 170 18 24 
0 0 156 107 24 28 31 29 22 18 0 18 18 18 24 17 22 30 33 31 92 23 25 
0 0 0 43 16 0 28 19 0 0 0 0 0 0 24 16 35 79 36 63 195 0 17 
0 0 0 0 43 58 30 23 18 0 22 19 27 22 0 20 39 40 44 22 45 25 20 
0 0 0 0 0 165 132 32 22 21 28 21 30 31 17 17 18 19 16 0 22 0 16 
0 0 0 0 0 0 61 35 29 28 40 40 58 31 0 20 19 30 18 18 21 0 16 
0 0 0 0 0 0 0 67 43 38 0 0 20 21 17 18 26 19 19 20 22 0 0 
0 0 0 0 0 0 0 0 51 63 25 30 28 26 23 0 20 21 0 0 0 0 0 
0 0 0 0 0 0 0 0 0 76 22 23 0 16 0 20 17 18 0 0 0 16 18 
0 0 0 0 0 0 0 0 0 0 85 75 30 31 18 0 20 0 0 0 0 16 0 
0 0 0 0 0 0 0 0 0 0 0 164 67 41 16 0 21 0 0 0 0 20 16 
0 0 0 0 0 0 0 0 0 0 0 0 153 106 17 0 19 17 0 0 17 20 0 
0 0 0 0 0 0 0 0 0 0 0 0 0 76 16 25 20 0 0 0 0 21 22 
0 0 0 0 0 0 0 0 0 0 0 0 0 0 19 20 24 20 0 16 23 20 27 
0 0 0 0 0 0 0 0 0 0 0 0 0 0 0 106 48 24 23 17 18 25 0 
0 0 0 0 0 0 0 0 0 0 0 0 0 0 0 0 50 29 16 16 21 20 0 
0 0 0 0 0 0 0 0 0 0 0 0 0 0 0 0 0 103 33 46 39 18 18 
0 0 0 0 0 0 0 0 0 0 0 0 0 0 0 0 0 0 51 127 74 20 18 
0 0 0 0 0 0 0 0 0 0 0 0 0 0 0 0 0 0 0 26 45 19 0 
0 0 0 0 0 0 0 0 0 0 0 0 0 0 0 0 0 0 0 0 50 23 18 
0 0 0 0 0 0 0 0 0 0 0 0 0 0 0 0 0 0 0 0 0 19 23 
0 0 0 0 0 0 0 0 0 0 0 0 0 0 0 0 0 0 0 0 0 0 99 
0 0 0 0 0 0 0 0 0 0 0 0 0 0 0 0 0 0 0 0 0 0 0 
