23
0 31 156 19 0 0 0 0 0 0 0 0 0 0 0 0 22 111 31 54 123 0 0 
0 0 126 79 0 0 0 0 0 0 0 0 0 0 0 0 0 0 19 0 59 0 0 
0 0 0 26 0 0 0 0 0 0 0 0 0 0 0 0 16 50 26 30 144 0 0 
0 0 0 0 0 26 0 0 0 0 0 0 0 0 0 0 0 18 26 0 23 0 0 
0 0 0 0 0 112 85 0 0 0 0 0 21 0 0 0 0 0 0 0 0 0 0 
0 0 0 0 0 0 35 0 0 0 19 16 42 0 0 0 0 0 0 0 0 0 0 
0 0 0 0 0 0 0 41 23 0 0 0 0 0 0 0 0 0 0 0 0 0 0 
0 0 0 0 0 0 0 0 30 36 0 18 0 0 0 0 0 0 0 0 0 0 0 
0 0 0 0 0 0 0 0 0 45 0 0 0 0 0 0 0 0 0 0 0 0 0 
0 0 0 0 0 0 0 0 0 0 60 50 25 0 0 0 0 0 0 0 0 0 0 
0 0 0 0 0 0 0 0 0 0 0 139 51 28 0 0 0 0 0 0 0 0 0 
0 0 0 0 0 0 0 0 0 0 0 0 115 71 0 0 0 0 0 0 0 0 0 
0 0 0 0 0 0 0 0 0 0 0 0 0 47 0 0 0 0 0 0 0 0 0 
0 0 0 0 0 0 0 0 0 0 0 0 0 0 0 0 0 0 0 0 0 0 0 
0 0 0 0 0 0 0 0 0 0 0 0 0 0 0 74 23 0 0 0 0 0 0 
0 0 0 0 0 0 0 0 0 0 0 0 0 0 0 0 23 0 0 0 0 0 0 
0 0 0 0 0 0 0 0 0 0 0 0 0 0 0 0 0 78 22 26 19 0 0 
0 0 0 0 0 0 0 0 0 0 0 0 0 0 0 0 0 0 30 79 54 0 0 
0 0 0 0 0 0 0 0 0 0 0 0 0 0 0 0 0 0 0 0 22 0 0 
0 0 0 0 0 0 0 0 0 0 0 0 0 0 0 0 0 0 0 0 26 0 0 
0 0 0 0 0 0 0 0 0 0 0 0 0 0 0 0 0 0 0 0 0 0 0 
0 0 0 0 0 0 0 0 0 0 0 0 0 0 0 0 0 0 0 0 0 0 70 
0 0 0 0 0 0 0 0 0 0 0 0 0 0 0 0 0 0 0 0 0 0 0 
