0 1 0.64516
0 2 0.68590
0 3 0.73684
0 16 0.68182
0 17 0.40541
0 18 0.80645
0 19 0.44444
0 20 0.46341
1 2 0.68254
1 3 0.59494
1 18 0.78947
1 20 0.59322
2 3 0.76923
2 16 0.81250
2 17 0.50000
2 18 0.80769
2 19 0.53333
2 20 0.65278
3 5 0.80769
3 17 0.72222
3 18 0.84615
3 20 0.78261
4 5 0.66964
4 6 0.49412
4 12 0.85714
5 6 0.68571
5 10 0.78947
5 11 0.68750
5 12 0.92857
6 7 0.41463
6 8 0.78261
7 8 0.73333
7 9 0.61111
7 11 0.00000
8 9 0.68889
9 10 0.70000
9 11 0.78000
9 12 0.72000
10 11 0.52518
10 12 0.50980
10 13 0.46429
11 12 0.55652
11 13 0.40845
12 13 0.59574
14 15 0.59459
14 16 0.56522
15 16 0.69565
16 17 0.50000
16 18 0.77273
16 19 0.53846
16 20 0.78947
17 18 0.76667
17 19 0.54430
17 20 0.42593
18 20 0.81818
19 20 0.53846
21 22 0.70000
