-20.899,-4.7139,3.5217
-20.008,-4.78,3.9964
-21.117,-4.6575,3.9938
-0.062394,-14.047,5.9767
-1.6189,-14.238,6.2062
0.36989,-14.725,6.5656
-4.1066,-4.7399,14.262
-3.9816,-4.9008,14.318
-3.8214,-4.6956,14.259
-7.7224,-7.6742,2.8948
-7.7136,-7.5229,2.3138
-5.8777,-8.0342,0.3085
-9.3372,31.515,3.3689
-8.9381,30.386,3.4904
-7.2121,31.946,3.467
2.8824,25.475,8.3968
2.3811,25.935,7.7936
2.9548,25.535,7.7402
6.5025,26.043,3.8909
7.3421,26.929,3.7243
6.4412,27.027,3.8449
3.5781,24.832,10.911
3.5772,24.503,10.731
3.9502,24.597,10.649
9.1665,42.522,3.6763
12.696,43.406,3.315
9.7785,44.81,3.1565
3.6562,-18.891,-11.526
3.4048,-19.913,-10.851
4.0578,-17.283,-10.651
0.581,25.081,4.2644
-0.0046333,25.322,3.8277
0.34737,24.587,3.8998
-15.005,-29.174,12.981
-14.904,-29.404,12.939
-14.837,-29.33,13.183
-4.3127,-6.2021,11.367
-4.4873,-6.1888,11.441
-4.4443,-5.9242,11.189
-4.3406,-6.3046,11.507
-4.2273,-6.3259,11.663
-4.4887,-6.2681,11.657
15.076,19.028,4.4218
14.648,18.81,4.3082
14.808,18.107,4.2918
5.3621,25.724,5.2592
5.5631,25.286,4.8954
5.8053,26.294,4.6314
-7.3743,-26.834,-4.8512
-6.132,-26.609,-5.6416
-8.8903,-28.325,-4.8763
2.8284,-12.247,-9.4876
3.2198,-11.19,-8.483
2.098,-10.148,-7.7992
-20.051,17.364,3.7725
-20.19,16.713,3.8756
-18.705,17.272,3.82
24.826,0.88667,6.5754
23.483,-0.019752,6.2723
23.832,-1.4315,6.516
1.9149,26.215,8.3911
1.7236,26.561,7.6103
4.4527,-8.3033,-6.6894
4.3804,-7.8706,-6.3617
-24.699,32.567,3.2762
-23.519,29.188,3.2718
-23.416,32.844,3.0877
-4.4897,-5.4846,10.622
-4.6453,-5.3478,10.52
-4.4144,-5.2541,10.029
-18.94,-32.478,9.2323
-18.84,-31.99,9.9343
-18.211,-31.75,8.4508
13.162,8.1722,4.4438
14.441,8.6593,4.4198
13.931,9.7464,4.3799
1.9101,25.146,10.377
1.6429,25.559,10.166
1.7259,25.597,9.9137
-10.363,-22.897,6.4536
-9.3668,-22.881,5.4023
-10.228,-23.471,5.8842
16.067,17.722,4.6991
6.5168,33.308,6.8355
6.6793,32.368,6.3599
7.4483,36.15,5.3754
3.7835,25.017,9.5124
4.0805,25.091,9.6259
4.0584,24.708,10.008
3.7814,22.944,4.0943
3.6192,22.62,3.9296
4.6695,22.746,3.8713
5.0412,24.951,5.3861
4.4723,24.773,5.7866
4.9967,24.41,5.0972
-12.622,-7.3535,5.0777
-13.041,-5.9204,5.0144
-13.626,-7.3703,5.0948
1.29,26.777,8.9532
1.7503,26.036,9.3121
-22.324,-4.1833,4.5752
-21.046,-4.5008,4.3258
-20.351,-4.2288,4.588
-19.188,-4.8024,4.2817
5.2845,8.7466,5.2367
5.6185,8.9039,5.2706
5.7462,8.6699,5.7076
-12.546,38.468,3.0881
-13.328,39.158,2.9592
-14.834,38.251,3.0233
-17.725,46.435,2.6546
-21.011,43.349,2.7285
-18.212,43.311,2.6931
-15.894,52.075,2.3611
-19.295,52.786,2.4173
-22.887,43.787,2.7119
-21.366,39.312,2.8138
-31.186,20.455,3.613
-32.992,20.577,3.5396
-33.685,18.545,3.6082
-27.059,24.349,3.4843
-28.373,24.877,3.3758
-27.37,22.225,3.573
-25.426,9.9188,4.0789
-24.789,10.918,4.0524
-25.718,11.424,4.0515
-4.9176,-5.4249,13.244
-4.763,-5.6759,13.254
-4.8318,-5.5636,13.52
-9.3159,10.273,4.2063
-10.786,10.502,4.1716
-9.5513,8.9604,4.2867
-34.74,11.156,3.909
-35.925,13.189,3.7809
-35.336,10.035,3.8575
-34.422,14.94,3.7418
-26.777,30.717,3.2094
-26.083,29.21,3.2075
-26.051,7.0246,4.1898
-26.46,9.3463,4.1187
-28.899,8.1564,4.1513
-11.781,21.732,3.7109
-13.303,19.827,3.845
-11.472,20.298,3.7999
-31.087,17.372,3.6092
-31.309,15.884,3.7583
-29.071,17.177,3.6717
5.5485,-7.3808,-5.9739
5.1291,-7.2465,-5.8581
5.1844,-7.8054,-6.3477
-12.581,-7.7018,5.005
-13.022,-7.6477,5.0663
-12.976,-7.937,4.88
-4.4318,-3.8216,9.8318
-4.1978,-3.9642,9.8045
-4.2886,-4.024,9.1839
-3.899,-5.091,8.2848
-4.0804,-5.29,8.2797
-4.1793,-5.3858,8.0157
-19.817,18.462,3.7363
-20.85,18.877,3.7741
-21.629,17.806,3.8087
-24.629,8.5499,4.2067
-24.635,9.4075,4.0458
-28.269,9.8342,4.058
-26.628,11.071,4.0537
-19.833,7.6023,4.2775
-19.503,5.853,4.3683
-17.352,5.3461,4.3683
-24.504,5.2778,4.2589
-26.204,5.5071,4.2364
-25.566,-1.7986,4.7184
-24.876,-3.2934,4.7573
-22.928,-2.4483,4.7289
-10.055,-18.511,7.5399
-10.91,-18.706,8.4592
-11.668,-17.936,9.5644
-21.621,3.443,4.4852
-21.605,1.7085,4.583
-20.289,2.2239,4.5752
-13.642,-18.435,11.918
-13.885,-18.738,12.097
-13.381,-18.78,11.978
-16.652,-26.981,11.606
-16.896,-26.442,11.925
-16.398,-26.481,11.26
-17.651,-32.225,6.1526
-16.902,-30.948,6.7262
-16.517,-31.335,5.1601
-15.658,-29.241,12.255
-15.801,-29.59,12.198
-15.22,-29.732,12.525
-3.9441,-3.4748,13.097
-4.0763,-3.2214,12.452
-4.2907,-3.5163,13.255
-17.175,-26.132,12.34
-16.64,-26.147,11.761
-10.829,-15.318,9.7969
-10.806,-15.451,10.049
-10.469,-15.262,9.6639
-7.3866,-22.17,3.4021
-7.6451,-21.932,4.0138
-6.8876,-21.82,3.1406
-7.4361,-22.44,2.8809
-6.7361,-21.962,2.6477
-12.386,-17.69,10.381
-12.945,-17.856,10.869
-12.749,-17.558,10.854
2.8994,24.254,10.497
3.3569,24.245,10.525
3.1489,24.476,10.75
2.4598,24.436,10.385
2.4535,24.666,9.992
2.7821,24.409,10.137
-6.3221,28.58,3.6258
-7.7352,28.98,3.6323
-6.6437,27.538,3.6416
-8.6359,29.038,3.565
-7.562,30.322,3.6444
12.968,16.189,4.1393
12.665,16.642,4.0709
12.02,15.683,4.1467
5.7687,28.782,7.2209
5.3091,27.674,8.9095
5.1617,27.092,8.4315
3.0123,25.263,11.454
3.2514,25.072,11.25
3.4197,25.203,11.465
3.9798,25.224,11.299
3.7947,25.422,11.587
3.7776,25.177,11.429
12.377,17.465,4.0299
11.859,17.415,4.0126
3.8449,24.233,5.7783
3.5023,24.675,6.2671
3.2776,24.362,5.9815
4.3837,13.989,4.1059
5.1495,14.08,4.1834
5.0443,14.612,4.06
3.421,25.484,7.5527
3.4907,25.476,8.0614
3.2379,25.408,8.1979
-1.6327,35.338,3.2019
-1.1925,35.246,3.2418
-1.1182,36.251,3.4771
0.36889,29.64,4.1741
0.51057,29.07,4.5924
0.22245,30.227,4.3348
-0.29817,30.015,3.5134
-0.60809,28.96,3.5338
-0.012847,29.275,3.6273
-5.5284,27.781,3.6389
-5.5041,26.004,3.6664
-6.5649,25.701,3.6552
-7.8542,27.415,3.6625
7.0265,15.662,4.0871
7.5419,16.597,4.0273
5.3078,16.11,4.0056
0.12983,26.73,4.0286
0.45307,25.795,4.3475
0.68839,26.054,4.8343
-0.63659,25.3,3.6854
-0.57334,26.443,3.6266
4.2919,24.316,5.5893
3.8997,24.793,6.2292
-6.3827,30.647,3.6227
-6.7093,29.919,3.6712
-5.9113,29.43,3.5361
16.009,7.0042,4.5118
14.721,7.2035,4.4824
14.771,6.1227,4.5045
-12.005,18.488,3.8988
-12.256,19.6,3.9206
-13.691,18.77,3.9212
3.5369,-17.032,8.3653
3.503,-18.523,9.4211
8.485,-15.326,7.7797
10.419,-11.211,5.763
12.875,-9.8711,5.6537
12.2,-8.8227,5.2101
-3.521,-5.9974,11.814
-3.4962,-6.1137,11.625
-3.2912,-6.0363,11.696
-3.5033,-5.7469,11.993
-3.1324,-5.8672,11.824
-3.8287,-7.2657,5.5156
-3.355,-7.108,5.6271
-3.6759,-7.2257,5.8944
1.7645,-10.705,5.3338
1.4101,-12.336,5.4424
2.6615,-11.322,5.2437
-9.2607,-7.2284,3.1449
-10.46,-7.2242,2.8298
-9.1582,-7.1734,2.7075
-3.099,34.596,3.2391
-3.2628,31.459,3.4083
-1.6108,33.397,3.2987
-5.0733,33.411,3.3703
-9.0553,34.201,3.262
-6.6311,34.043,3.3265
-14.381,31.243,3.4434
-14.241,30.264,3.4558
-13.471,32.091,3.29
-10.357,29.617,3.5026
-16.923,0.19472,4.7914
-18.09,1.0862,4.6947
-17.833,-0.03267,4.7514
-5.2335,7.0604,4.4247
-5.3451,7.7721,4.3693
-6.3833,6.9053,4.4401
-26.786,15.385,3.8036
-25.682,16.575,3.7186
-26.879,17.64,3.7669
-26.024,23.646,3.4659
-23.624,25.763,3.4154
-20.356,21.385,3.741
-21.877,19.917,3.734
-20.091,20.368,3.6694
-5.7607,2.551,4.6284
-4.7415,3.6061,4.5906
-6.5967,4.0163,4.562
-25.516,21.531,3.6221
-26.761,18.974,3.6558
-26.116,20.286,3.5869
-28.017,20.047,3.5782
-21.793,22.045,3.7549
-22.741,22.899,3.6135
-22.999,21.672,3.6928
-23.931,20.969,3.6298
-23.151,20.809,3.5842
-4.9464,-3.997,10.679
-5.0683,-4.2669,10.801
-5.014,-3.8882,11.563
-9.9371,8.0677,4.2833
-10.617,9.4541,4.2194
-21.774,5.6279,4.3155
-22.732,7.3111,4.3452
-23.155,4.5204,4.3937
-4.4224,-3.2239,11.972
-4.7627,-3.6582,11.189
-4.9282,-3.7158,12.459
-4.0677,-5.856,12.04
-4.2712,-5.7218,12.127
-4.2865,-5.9793,11.993
-3.9069,-3.8118,13.845
-3.6817,-3.7848,13.73
-3.8174,-3.6218,13.555
9.6002,-7.458,5.0877
11.827,-7.6454,5.1142
10.869,-5.6421,5.1359
-12.135,-7.611,5.0328
-11.577,-7.4124,5.1025
-1.8177,-5.3689,5.6516
-1.8077,-5.2805,5.9138
-1.9676,-5.5755,5.9894
-6.8067,-15.397,6.0341
-7.4615,-15.525,6.7007
-6.8464,-15.287,6.4194
-11.631,-24.727,6.2381
-12.325,-24.948,7.0077
-11.068,-23.747,6.5836
-13.807,7.8325,4.2528
-15.397,8.2904,4.2421
-15.036,6.9016,4.2245
-15.115,6.3533,4.3265
-13.356,7.1756,4.286
-29.949,13.235,3.8914
-28.104,13.07,3.8315
-29.139,14.35,3.8215
-9.9416,-15.751,8.4268
-10.022,-15.524,8.5859
-9.6418,-15.515,8.3687
-12.151,-17.516,11.248
-11.778,-18.362,11.439
-11.588,-16.933,10.879
7.591,20.377,3.8652
7.8554,21.974,3.867
6.7774,21.538,3.8583
-10.737,-15.86,9.2137
-10.863,-15.525,9.5123
-10.397,-15.428,9.0144
-10.62,-24.052,5.5738
-9.7066,-24.811,2.2012
-9.7757,-24.627,2.8316
-8.5486,-23.646,2.6783
-3.2191,-3.2643,11.545
-3.5238,-3.0456,11.504
-3.4915,-3.0255,11.676
-3.4668,-3.1495,11.848
-3.7571,-2.9921,11.72
-3.7483,-3.1194,12.023
-14.909,-29.683,12.829
-14.859,-29.869,12.973
-14.793,-29.602,13.131
-16.459,-28.865,10.923
-16.212,-28.717,11.22
-16.331,-28.428,10.709
-16.666,-28.774,10.378
-16.819,-29.164,10.834
-6.3228,-21.466,2.5585
-6.0584,-20.175,2.7483
-5.9916,-21.08,2.0011
-20.604,-24.037,16.792
-20.731,-24.002,16.946
-20.159,-24.229,16.566
-14.979,-29.956,13.505
-15.132,-30.284,13.463
-15.317,-29.827,13.853
-20.329,-25.819,15.927
-20.243,-25.455,15.94
-20.135,-25.575,15.734
-20.19,-25.63,16.218
-20.296,-25.553,16.089
-20.304,-25.791,16.069
-8.0812,-21.258,4.7804
-7.6385,-19.978,4.6208
-6.7983,-20.493,3.6326
-15.299,-23.346,11.356
-15.658,-23.938,11.513
-15.74,-22.858,12.174
-5.4851,-21.914,-0.20562
-4.8606,-20.851,-0.029616
-2.9628,-21.042,-2.6056
-8.1316,-22.894,3.2917
7.2747,-7.5853,5.1323
7.9055,-6.6754,5.115
6.4244,-6.5319,5.1187
11.739,21.059,3.955
11.326,20.499,3.9376
12.889,19.569,4.0615
1.5432,24.47,5.2289
1.2529,24.151,4.604
1.6766,23.893,4.8166
2.7686,19.42,3.9273
1.2048,19.485,3.911
2.0037,18.042,3.9526
10.636,15.15,5.0666
10.872,14.638,5.3879
10.949,14.66,5.0218
1.2438,23.957,4.132
1.1887,23.818,3.9067
1.4588,23.447,3.8878
1.0099,23.281,3.8157
0.76934,23.962,3.8503
0.17189,24.098,3.8021
0.92184,24.41,4.3735
0.74885,24.405,4.0683
2.6878,25.656,7.4678
2.1471,26.158,7.1201
3.6702,25.61,7.116
3.255,25.298,6.9698
2.7449,22.519,3.8601
3.1443,22.827,4.0267
2.6508,22.957,4.0096
4.7257,23.686,4.7367
4.7052,24.11,5.1129
4.4677,23.717,5.002
-0.76406,22.882,3.7999
1.2941,22.002,3.8242
10.449,14.741,6.9641
10.215,14.797,6.7515
10.477,14.522,7.4919
3.573,25.308,6.7006
-17.827,18.769,3.7126
-18.405,19.958,3.6737
0.2219,20.692,3.8948
-4.4954,-5.7663,12.667
-4.3056,-5.8008,12.648
-4.4159,-5.8862,12.989
-4.5484,-12.517,4.1946
-4.5525,-12.337,4.643
-4.6336,-11.323,4.2063
13.071,15.031,4.1193
13.021,15.629,4.1406
12.563,-4.7654,5.2704
13.454,-5.6104,5.2624
14.381,-4.4594,5.3718
10.115,12.756,8.9346
10.419,13.016,8.95
10.012,13.02,8.7683
9.7146,14.402,7.2849
9.4322,13.851,7.5596
10.112,14.313,7.8504
3.1777,23.261,4.6757
3.2832,23.455,4.9862
2.7311,23.428,4.8812
1.4306,12.632,4.1545
1.1272,14.163,4.093
-0.12715,12.794,4.1869
2.6036,11.465,4.2829
1.525,10.472,4.3468
2.4823,10.419,4.4259
-1.7818,-5.3623,5.0648
-1.8736,-5.6789,5.0935
-1.6936,-5.6589,5.0209
-4.5601,-5.9738,11.975
-4.3865,-6.2126,11.86
2.6231,-7.1796,-4.2208
2.9598,-7.3151,-4.8329
4.3637,-6.9515,-5.0336
-3.0017,-5.0104,12.046
-3.0576,-5.4117,12.032
-2.7127,-5.2284,11.939
2.5846,-10.074,5.2983
0.92437,-9.6652,5.2899
0.41555,-9.3082,-0.41103
0.033275,-8.9599,-0.41352
0.83862,-8.5022,-1.0143
5.4343,-8.0917,-6.1014
3.8475,-15.788,-7.8232
3.3088,-15.272,-6.7149
4.573,-13.64,-8.2869
-2.9875,17.438,4.0447
-3.1211,16.544,4.0722
-2.1604,17.49,3.9831
-8.7851,23.36,3.7171
-6.7822,22.771,3.7562
-7.9028,24.967,3.6584
-7.7586,19.786,3.8747
-9.8919,19.195,3.8539
-8.8861,18.134,3.9493
-10.832,18.638,3.9255
-7.8109,16.016,4.0001
-8.916,15.37,4.1197
-8.2272,14.68,4.0464
-8.5877,11.613,4.1914
-7.901,13.461,4.1213
-9.8601,14.269,4.1044
-9.9081,21.595,3.7225
-10.563,21.369,3.7686
-12.352,17.075,3.8769
-11.696,16.14,3.911
-11.694,17.19,3.8399
-12.563,15.91,3.9776
-15.371,19.313,3.7863
-22.25,18.691,3.683
-23.316,18.231,3.7348
-28.527,15.452,3.726
-30.273,16.111,3.7584
-6.7564,10.254,4.2832
-13.506,11.291,4.1398
-14.657,10.09,4.2414
-12.336,9.209,4.3031
-4.2902,7.2452,4.4332
-5.4124,11.857,4.2078
-5.3087,8.5543,4.3672
-4.2091,-5.1632,8.7821
-9.9055,11.65,4.1544
-10.517,11.181,4.0863
-8.3976,9.3961,4.319
-8.9507,9.3995,4.3305
-8.8681,7.959,4.3695
-4.4312,-5.6452,12.201
-4.5895,-5.5801,12.109
-4.4602,-5.7849,12.054
-15.513,9.6756,4.2323
-17.27,10.506,4.0985
-3.6546,-3.167,11.232
-3.6662,-2.9951,11.463
-18.283,9.9771,4.2383
-18.731,10.71,4.3055
-19.409,9.7261,4.3272
-3.5438,-3.4887,12.539
-3.6979,-3.4346,12.799
-3.3981,-3.6145,12.968
-13.55,5.1439,4.4652
-12.552,6.758,4.3403
-15.854,0.68501,4.6113
-14.884,1.1898,4.5128
-15.795,1.2973,4.542
-14.687,4.636,4.391
-14,2.6719,4.4873
-13.248,3.9675,4.4939
-15.839,3.8163,4.4394
-20.676,5.1,4.3843
-21.255,6.919,4.3419
-14.9,2.4935,4.5384
-4.3789,-4.0912,8.7063
-4.4633,-4.0325,8.3999
-4.5102,-4.0183,8.8329
-3.8442,-3.5379,10.806
-3.4904,-3.6276,10.964
-3.842,-3.8534,10.5
-4.363,-5.1318,9.209
-4.4678,-5.0824,9.4054
-4.5561,-5.0061,9.126
-3.4121,-4.7639,10.577
-3.4514,-4.9657,10.681
-3.8199,-5.0452,10.164
-4.1683,-5.9148,11.153
-4.3751,-5.6849,10.93
-5.0259,-7.3611,5.2512
-4.8288,-7.3226,5.408
-5.0888,-7.2659,5.4291
-2.7827,-4.5546,11.189
-2.4702,-4.8027,11.476
-2.6828,-4.9671,11.325
7.8106,-1.3822,4.9241
7.0473,-1.6688,4.9499
8.971,-2.1406,4.9747
-10.084,-7.494,4.7683
-9.9317,-7.4165,5.0565
-10.177,-7.2046,5.0361
-9.7039,-7.5519,5.0847
-9.4495,-7.7126,4.9203
-9.4894,-7.4519,5.1426
-23.632,11.719,4.1494
-24.841,12.416,4.0999
-24.017,10.937,4.1394
-16.792,-6.7871,4.8241
-17.029,-6.474,4.4903
-16.722,-6.9855,4.7216
-16.34,-1.784,4.7448
-17.756,-1.4712,4.7276
-17.65,-3.1371,4.75
-15.596,-7.8946,4.9164
-15.221,-8.0738,4.72
-15.175,-8.1614,4.9003
-3.9844,-5.2243,14.259
-4.08,-5.3145,14.104
-3.8436,-5.1026,14.042
-16.128,-5.792,4.9926
-15.543,-5.0242,5.0255
-16.712,-3.9756,4.8273
-17.246,-5.2044,4.8522
-4.6924,-5.6777,12.81
-4.6091,-5.616,12.453
-9.0442,-19.398,6.1372
-8.5224,-19.869,5.4791
-10.235,-20.261,7.1023
-15.419,-22.219,12.247
-15.306,-22.195,12.026
-15.566,-22.396,12.176
-3.1696,-3.7564,12.829
-3.3525,-3.7399,13.191
-14.207,-18.991,11.916
-13.989,-19.051,11.517
-13.992,-19.407,11.631
-12.758,-21.719,9.1029
-12.518,-21.85,8.7552
-13.589,-22.395,9.8072
-13.532,-21.92,10.005
-16.14,-28.027,11.442
-16.305,-27.606,11.381
-16.29,-27.651,10.857
-16.382,-27.658,12.14
-16.124,-27.987,12.01
-16.08,-28.195,12.511
-20.327,-26.217,15.776
-20.291,-26.189,15.647
-20.246,-26.615,15.471
-20.59,-24.332,16.702
-20.697,-24.228,16.87
-20.815,-24.091,16.978
-14.955,-30.178,13.119
-14.847,-29.871,13.343
-15.358,-30.507,12.852
-15.228,-30.662,13.133
-15.044,-30.366,13.027
-16.623,-30.443,7.0277
-17.27,-31.168,7.3277
-19.474,-33.583,8.1021
-19.441,-33.369,8.6601
-18.985,-33.014,8.0816
-18.194,-30.922,10.113
-18.742,-31.418,10.722
-18.523,-30.929,11.048
-11.05,-24.915,4.9079
-9.5145,-24.266,3.2976
-18.63,-33.29,6.0491
-17.811,-32.83,5.024
-18.871,-33.618,6.0549
-17.629,-33.018,4.0865
-15.975,-31.769,3.0091
13.599,17.058,4.0904
10.669,14.594,7.0563
10.729,14.688,6.2925
7.2147,14.841,4.6383
8.0009,15.74,4.224
6.9933,15.314,4.1969
10.602,14.973,5.5804
1.0035,24.631,4.8279
0.70322,25.164,4.6375
8.8752,21.694,3.8666
8.8278,19.827,3.9301
4.8552,17.143,4.0294
5.8663,17.097,4.0215
4.8303,18.059,3.9874
1.9252,23.485,4.1205
1.8573,23.62,4.4435
2.6531,23.182,4.2459
3.1263,25.038,6.6575
2.7517,25.425,6.988
2.232,25.366,6.3006
2.7647,25.112,6.6053
2.3808,25.604,6.6679
10.077,16.257,4.1485
10.646,16.443,4.0924
9.1256,16.516,4.0694
8.8259,16.684,4.0332
9.195,17.467,4.0373
1.9418,22.998,3.8145
1.6647,21.07,3.8896
2.65,21.533,3.8169
-2.0367,14.605,4.062
-3.278,14.895,4.0711
-2.3491,14.022,4.1277
2.3216,20.613,3.893
1.4451,20.39,3.9245
8.8387,15.635,4.6559
9.2245,15.928,4.4424
8.7583,16.213,4.125
9.6713,15.778,4.627
9.9404,16.073,4.2778
9.4338,16.219,4.1997
-4.2272,-2.1876,5.9118
-4.5123,-2.1887,6.0226
-4.2786,-2.5483,6.3233
8.62,0.84872,4.8491
8.3879,1.3275,4.7817
7.5703,1.1383,4.8406
-0.042107,15.366,4.1601
-0.63786,15.681,4.1472
-0.81402,14.743,4.2224
-5.966,20.476,3.8704
-3.6785,21.385,3.8392
0.77734,15.241,4.0575
0.089989,14.491,4.1844
-9.1656,17.298,3.9826
-1.6928,13.899,4.1792
-1.5755,15.432,4.0669
-3.0412,15.822,3.9936
-7.6105,7.8454,4.3792
-6.6255,6.1311,4.4446
16.619,1.8626,5.7807
15.202,2.377,5.7359
14.717,1.3066,5.5953
12.063,12.37,6.6492
12.13,12.09,6.5503
12.052,12.371,6.2148
13.599,5.4325,4.5825
13.749,6.0139,4.5157
13.29,6.0489,4.6308
3.9824,10.355,6.0141
3.7794,9.7408,6.1486
4.1659,9.3327,7.1759
3.554,23.867,5.3255
3.9826,24.1,5.4618
12.906,12.358,4.3481
13.218,12.648,4.2466
13.019,13.332,4.2352
6.7664,9.0367,5.6576
7.0008,9.4752,5.9764
6.9427,9.0144,6.1136
-3.5808,4.881,4.5212
-3.4737,3.742,4.5535
-2.6754,3.4787,4.6682
4.0888,8.4648,7.4881
4.4053,8.4834,7.6342
4.2466,8.7082,7.6837
4.7882,8.5783,7.5906
4.5787,8.2464,7.3796
1.8642,11.604,4.2442
2.8585,12.49,4.1931
-2.5817,-3.9784,11.454
-2.8639,-3.6229,11.47
-2.6955,-3.8675,11.696
-3.0758,-3.4552,11.749
2.4909,-6.2742,5.0874
2.5733,-6.9654,5.1005
3.1692,-7.5668,5.144
-3.4784,-6.0625,11.436
-3.8229,-6.2509,11.561
-2.89,-4.6658,12.01
-2.9609,-4.321,12.031
-3.078,-4.5029,12.168
-2.963,-4.2608,12.637
-3.0823,-4.2791,12.246
-3.131,-4.0072,12.25
-3.4459,-5.5627,13.18
-3.8772,-5.8058,13.143
-3.605,-5.6031,12.782
-4.0785,-3.0348,11.883
-3.9984,-3.0197,11.592
-4.2435,-6.5149,6.855
-4.5386,-6.5882,6.5766
-4.1388,-6.6979,6.5722
-4.2743,-7.4289,5.183
-4.2124,-7.7799,5.1411
-3.8179,-7.4699,5.1108
-4.2206,-5.7987,13.625
-4.0727,-5.8228,13.465
-4.0779,-5.6578,13.64
1.458,-9.4557,-1.3665
1.2789,-8.7182,-1.1214
2.2338,-8.3365,-1.8936
2.7949,-9.0049,-2.5663
-11.053,15.486,4.0042
-5.3579,17.183,3.9783
-5.5467,15.859,4.039
-4.4067,16.433,4.0074
-7.1768,16.401,3.9003
-6.4547,15.09,4.041
-6.532,16.102,3.9251
-8.2054,6.6173,4.4217
-9.4012,3.5724,4.5438
-12.311,8.0611,4.3359
-11.534,8.0437,4.2561
-11.968,4.0787,4.5045
-12.744,4.6389,4.5023
-18.368,11.443,4.1186
-17.948,13.227,4.0138
-3.4283,-7.259,5.1215
-3.6803,-7.2667,5.2206
-5.1365,-4.0997,12.408
-5.1326,-4.1452,13.024
-3.7745,-6.3235,6.9383
-3.5899,-6.4135,6.6912
-3.2215,-6.0961,6.8517
-3.1158,-5.1546,13.176
-2.9769,-4.7152,12.913
-3.0557,-4.9804,13.331
-3.0518,-4.8627,13.517
-3.1877,-5.2146,13.509
-7.095,-3.3118,5.5214
-6.7004,-2.7657,5.5519
-7.4883,-2.7104,5.0549
-6.4578,-6.8609,5.1908
-6.9426,-6.6004,5.1223
-6.3002,-7.3477,5.1428
-5.289,-2.1052,5.4452
-4.9474,-2.0188,5.2447
-5.2353,-1.9239,5.1101
-7.3315,-5.8635,5.1244
-7.0257,-6.0599,5.2314
-7.228,-5.6812,5.2102
-4.0084,-5.1585,7.8903
-3.8896,-5.0455,7.7394
-3.8471,-4.9874,7.9467
-3.6162,-4.7903,7.9907
-3.7056,-4.7033,8.4318
-4.8153,-7.4707,5.1931
-5.0886,-7.51,5.1727
-4.8033,-8.0582,5.1689
-2.9193,-2.5248,5.3225
-2.6276,-2.7723,5.4586
-2.6305,-2.6647,5.0132
-1.743,-4.7802,5.5981
-1.7495,-5.004,5.8567
-5.9995,-7.1638,5.1844
-5.9987,-6.98,5.3017
-6.2888,-6.7908,5.3158
-14.021,-18.656,11.99
-14.184,-18.819,12.07
-11.148,-7.5346,5.068
-10.82,-7.5379,4.9334
-10.862,-7.2775,5.0509
-13.31,-7.8752,4.9979
-13.618,-7.7436,5.0971
-13.788,-8.0071,5.0071
-14.852,-8.1257,5.0411
-15.276,-8.0163,5.0465
-14.102,-20.982,11.401
-14.248,-21.222,11.249
-14.381,-21.451,11.618
-14.358,-22.843,10.612
-14.148,-22.118,10.72
-16.652,-24.957,12.592
-16.308,-24.97,12.174
-16.737,-25.29,12.481
-13.774,-20.02,11.522
-13.603,-20.013,11.703
-13.783,-19.685,11.612
-19.312,-24.376,16.026
-18.135,-24.508,15.656
-19.099,-24.345,15.717
10.529,15.839,4.2616
10.947,15.896,4.1682
6.6703,19.69,3.8912
-19.191,-32.297,11.169
-19.409,-32.673,10.772
-19.331,-32.766,11.083
-17.391,-29.641,11.017
-17.474,-29.625,10.799
-17.774,-29.968,11.097
-17.624,-29.799,10.575
-17.991,-30.148,10.936
-16.172,-30.617,12.437
-16.729,-29.812,11.753
-17.492,-30.52,11.792
-18.57,-31.581,11.61
-18.7,-32.01,11.573
-17.551,-31.255,12.009
8.9266,23.385,3.819
7.6945,22.971,3.8219
9.6798,22.427,3.846
7.7455,19.003,3.9196
10.202,15.33,5.2195
9.8169,15.387,5.1381
10.245,15.096,5.6894
10.87,15.163,4.692
4.1342,15.841,4.0315
3.2416,16.475,4.0033
5.4601,24.031,4.1486
5.3461,23.581,4.063
5.7497,23.984,3.9571
2.0909,24.485,5.7817
2.0974,24.172,5.3788
2.5467,24.246,5.7761
3.1333,24.085,5.6449
4.2747,20.055,3.7747
3.6187,19.224,3.9062
4.2374,18.512,3.9063
4.1758,23.963,5.2273
4.0215,23.655,5.0896
4.2055,23.453,4.8761
-2.3805,-4.0425,6.3983
-2.5343,-3.8094,6.5581
-2.5982,-3.9813,6.7877
0.94275,17.343,3.972
0.081381,17.698,3.9347
2.7588,13.562,4.14
3.5882,13.877,4.1011
3.7613,15.212,4.079
5.5474,9.3354,7.9483
5.8581,8.8531,7.5177
5.9599,9.1579,7.978
-2.2077,18.57,3.954
-1.5034,17.347,3.9741
-0.86626,17.648,3.9128
-1.2519,18.16,3.9131
-4.7795,19.099,3.9341
-2.9049,19.62,3.8992
13.971,4.1803,4.9846
14.513,4.5546,4.9439
13.799,4.7348,4.7456
16.461,6.7624,4.6231
16.782,6.3469,4.6728
7.4901,11.048,4.508
7.7591,11.222,4.4983
7.6161,11.258,4.6975
11.771,5.0684,4.6923
11.952,4.2127,4.7595
12.936,3.9188,4.7685
6.7078,-3.0881,4.9998
7.9482,-2.911,4.991
9.981,-0.19678,4.9274
9.1832,-0.89609,4.9272
10.241,-1.6105,4.9686
3.5809,12.442,4.3929
3.9064,13.164,4.17
0.50025,11.711,4.2693
-0.97951,12.298,4.2227
-4.0896,12.306,4.2322
-1.8024,8.9569,4.4222
11.778,9.1677,4.4414
12.284,7.9642,4.5059
3.4132,4.0873,4.6625
5.33,5.8721,4.6114
1.9567,6.0082,4.5707
5.8813,8.5618,6.1005
6.3564,8.571,6.1771
5.9911,8.5616,6.5982
-2.7602,-2.993,6.1467
-2.6985,-2.8226,5.8439
-3.105,-2.5369,5.7957
-3.4246,-2.832,6.4191
-3.4775,-2.5379,6.063
1.1219,6.8132,4.5118
0.95632,8.188,4.4591
0.068787,7.4931,4.4437
-2.9445,8.7907,4.4013
-3.5197,7.837,4.4785
-2.0397,7.2664,4.5245
-4.1738,-5.5058,14.019
-4.2467,-5.4884,14.093
-4.4197,-5.3862,14.12
-4.4426,-5.5856,13.935
-4.0173,-5.1451,13.763
-3.9773,-5.3607,13.537
-3.9231,-5.0869,13.54
-2.9117,-4.3108,12.925
-3.3787,-3.9671,13.546
-3.4091,-4.1202,13.706
-3.0985,-4.266,13.447
-4.6672,-5.6316,13.741
-4.4275,-5.7521,13.698
-3.3789,-5.4444,12.86
-3.2243,-5.1991,12.709
-3.2299,-5.3407,13.16
-2.7233,-4.2476,11.893
-3.107,-3.6835,11.925
-2.9633,-4.25,13.096
-2.9392,-4.1246,12.775
5.1249,9.0434,4.8391
-5.8526,4.9632,4.5256
-3.1761,-4.501,13.652
-3.0336,-4.621,13.523
-2.9651,-4.6758,13.257
5.2727,-6.0347,5.1046
6.0242,-5.501,5.0785
4.2261,-6.308,5.1092
-4.0617,-6.1764,11.854
1.3101,-5.5034,5.0523
0.67174,-6.5265,5.0813
-3.2974,-5.4095,13.398
-3.5269,-5.5291,13.397
-3.2411,-6.0325,11.592
-4.5806,-5.8204,13.097
-4.3738,-5.8684,13.343
-2.4985,-5.1405,11.579
-2.6699,-5.3512,11.485
-2.9416,-5.8403,11.616
-2.75,-5.6232,11.579
-2.7977,-5.7033,11.801
-3.2061,-4.9316,12.177
-3.1751,-4.9423,12.46
-3.3518,-5.16,12.297
-3.8682,-5.6949,12.086
-3.7394,-5.5116,12.205
-3.9196,-5.5497,12.218
-3.1676,-4.7525,12.292
-3.0693,-4.7535,12.078
-3.7764,-5.5212,12.396
-3.4596,-5.3466,12.482
-4.0904,-5.6613,12.307
-4.3512,-5.6737,12.344
-2.6484,-4.8029,11.918
-3.3885,-4.9931,7.5249
-3.5948,-4.8995,7.7403
-3.7746,-5.094,7.6059
-0.49051,-7.4742,5.1016
-1.1931,-8.0424,5.1544
0.54017,-8.1221,5.1313
-0.29789,-10.684,0.11891
0.69926,-11.357,-1.261
-0.93294,-12.806,-0.25072
-13.644,12.849,4.1007
-11.181,13.419,4.0814
-12.68,14.184,4.0285
-14.639,13.847,4.0204
-4.688,-5.0532,10.026
-7.6093,0.90342,4.6742
-13.021,-2.8772,4.9714
-11.712,-2.8348,4.9007
-12.579,-2.3537,4.8709
-10.541,5.5444,4.4967
-4.7131,-5.1107,14.062
-4.5735,-4.6936,13.984
-4.8551,-5.0124,13.838
-3.4716,-4.8605,14.033
-3.5674,-5,14.015
-3.3492,-5.0546,13.767
-3.5223,-4.5225,13.977
-3.1891,-4.8098,13.739
-4.655,-5.4485,13.967
-4.6065,-5.2484,14.116
-4.613,-5.765,13.417
-4.7955,-5.2651,13.971
-4.6375,-3.9635,13.658
-4.7294,-3.7598,13.422
-4.9926,-4.072,13.328
-4.4502,-4.9735,14.179
-4.2813,-5.1092,14.264
-3.998,-5.1377,14.322
-4.4021,-3.6549,13.574
-4.7774,-5.4831,12.457
-4.8653,-5.3368,12.221
-4.6779,-5.4987,12.188
-3.9016,-4.3525,9.496
-4.0448,-4.1518,9.3981
-3.9975,-4.0297,10.045
-4.3141,-3.2383,7.2615
-4.2587,-3.5771,7.6911
-3.5947,-3.4024,7.1691
3.5122,8.6234,5.7249
3.7471,8.2303,5.7024
3.6925,8.0516,6.3382
-6.5642,-5.8263,6.1727
-6.8285,-5.4513,6.0398
-6.9106,-5.6116,5.8129
-4.0863,-7.2957,5.8595
-3.9701,-7.2046,6.1481
-4.4225,-7.2674,6.0809
-4.8107,-7.2597,6.0355
-4.6314,-7.3199,5.689
-4.878,-6.0345,7.2359
-4.682,-6.3182,7.0044
-4.2463,-6.1511,7.2218
-5.7208,-2.4776,5.9613
-5.1316,-2.9677,6.8467
-4.8553,-2.5866,6.4658
-6.7384,-2.4632,5.2711
-5.8044,-2.1935,5.3921
-7.7053,-5.8529,5.0763
-7.4462,-5.4762,5.0994
-7.7783,-4.9436,5.0148
-7.4229,-2.1161,4.9036
-7.887,-3.0742,4.9615
-10.873,-2.67,4.8578
-10.952,-2.3318,4.8504
-11.238,-1.8823,4.7562
-7.4618,-4.5212,5.3193
-7.7533,-4.1086,5.0638
-7.7467,-4.6748,5.0502
-9.6272,-6.5733,5.1212
-8.531,-7.4731,5.1617
-6.7744,-6.3966,5.2277
-7.7781,-7.9179,5.1734
-7.77,-7.0895,5.1421
-14.213,-18.941,12.12
-13.126,-17.996,11.626
-13.321,-18.068,11.558
-14.016,-21.099,11.615
-13.791,-20.529,11.504
-13.878,-19.182,12.094
-14.062,-19.254,11.943
-13.892,-19.382,11.932
-13.568,-20.436,10.727
-13.258,-21.287,10.116
-15.136,-22.04,12.14
-15.027,-22.018,11.794
-15.762,-22.679,12.373
-15.49,-22.451,12.647
10.51,12.564,9.1072
10.207,12.417,8.9725
10.665,12.14,9.084
11.326,13.128,8.6661
11.668,12.756,8.1741
11.282,13.334,8.5054
-17.866,-24.136,14.31
-17.956,-24.301,14.142
-18.156,-24.229,14.395
-17.069,-24.885,12.988
-16.411,-24.079,12.582
-19.605,-25.714,15.127
-19.118,-25.658,14.609
-18.919,-26.157,14.208
-14.82,-29.407,13.469
-14.984,-29.126,13.359
-15.502,-29.168,14.054
-15.882,-28.903,14.192
-15.449,-28.947,13.928
-20.362,-24.36,16.41
-20.147,-24.829,16.046
-20.402,-24.507,16.421
-17.438,-26.449,12.496
-17.113,-26.69,12.144
-17.469,-26.627,12.574
-17.413,-27.35,13.024
-17.624,-26.913,12.943
-17.275,-26.899,12.447
-17.818,-26.213,13.053
-17.547,-26.184,12.724
-20.41,-24.304,16.767
-19.903,-24.529,16.559
-20.005,-24.377,16.553
5.2013,19.425,3.8692
5.6542,18.082,3.9427
13.844,6.7501,4.4836
14.908,4.9891,4.5979
15.147,4.7472,4.7355
15.35,5.0337,4.5732
15.577,4.6462,4.897
16.046,4.9355,4.8265
9.9187,7.8537,4.5143
10.984,7.5478,4.5622
10.059,8.8723,4.4807
8.0433,6.147,4.6171
7.958,5.5612,4.6413
8.2619,5.2499,4.6189
10.268,5.8621,4.6364
9.8372,6.9034,4.556
9.2923,6.4079,4.6296
8.8927,6.2652,4.6036
8.1383,6.7891,4.6153
11.459,13.735,5.1864
11.632,13.661,4.7449
11.228,14.425,4.748
3.9734,8.6579,7.3321
3.9339,8.2497,7.1815
7.6262,8.1882,4.5278
9.0617,7.7848,4.5697
9.8967,2.3217,4.9504
9.4968,1.476,4.9068
10.166,1.9325,4.9532
9.0366,2.2074,4.8467
8.7462,1.6277,4.7979
7.2857,-4.9005,5.0838
6.9188,-5.5626,5.112
7.6983,-5.6726,5.1193
11.882,11.163,7.368
12.066,11.489,7.1787
12.166,11.383,7.5788
12.12,11.246,7.7672
11.962,11.084,7.817
6.6064,8.5977,7.3712
6.8213,8.8274,7.1555
6.5998,9.0718,7.6122
4.148,7.9703,5.7561
4.3905,7.8422,5.9899
3.9851,7.8962,6.147
5.6933,8.5233,6.7798
5.4168,8.3883,6.7586
5.6188,8.3497,6.4443
3.5452,8.7033,5.3501
3.5909,8.7966,4.9738
3.7466,8.5547,5.2589
5.5518,8.4064,5.7964
5.4606,8.5033,5.5511
4.5772,7.8103,6.5811
4.2885,7.8682,6.7873
4.2558,7.8147,6.4101
4.8678,7.9252,6.6985
4.8584,7.8381,6.3759
1.8994,3.7512,4.6468
1.7211,4.579,4.6475
-3.9559,-3.8551,7.9216
-4.2778,-3.8817,8.1429
-3.7891,-3.2806,12.343
-3.5006,-3.3913,12.156
-3.0243,-3.954,12.892
-3.0629,-3.8827,12.633
-3.1119,-4.0122,13.141
-3.0386,-4.9076,12.778
-3.04,-4.5215,12.489
-4.8883,-3.6508,7.729
-4.7082,-3.2479,7.2877
-2.5114,-5.179,6.7093
-2.6753,-5.5468,6.7276
-2.5982,-5.5452,6.5368
-2.3025,-3.133,5.8787
5.7272,4.5793,4.6909
5.0511,4.199,4.6626
-1.6364,-5.0671,5.0159
-1.5816,-4.7794,5.021
-1.7331,-4.8782,5.1797
-1.6143,-4.3911,5.0034
-1.7057,-4.5248,5.0973
7.0859,4.8614,4.637
6.7841,4.3081,4.6635
7.5862,4.0865,4.7054
0.039449,1.8037,4.7225
-2.3731,-4.4299,6.6036
-2.4387,-4.4342,6.8061
-2.4612,-4.8287,6.8187
3.8703,8.9139,6.9074
3.1525,2.0071,4.7543
5.0852,-0.35733,4.8774
4.8022,3.0575,4.6955
-0.68536,4.173,4.6335
-0.98374,3.0001,4.6681
0.36764,3.2506,4.694
-6.8065,-1.3938,4.8236
-5.8644,-1.1357,4.8039
-5.6736,-0.38469,4.7449
-1.9736,4.2517,4.6012
-1.4218,5.166,4.6
-2.0127,5.6227,4.5613
-0.8956,6.4468,4.5786
-2.6001,-5.4155,11.746
-2.5145,-5.1005,11.776
-2.379,-4.4847,11.549
-2.4277,-4.5294,11.754
-2.3621,-4.6616,11.632
-2.4332,-4.9781,11.641
-3.802,-4.5233,8.8468
-3.8176,-4.7206,8.9694
-3.4291,-4.648,7.7828
-3.2031,-4.6739,7.4487
-3.1578,-4.2822,7.3553
12.13,13.512,4.379
12.135,13.107,4.5981
12.54,12.895,4.4223
-3.9586,-6.568,6.6923
-0.25696,-5.6159,5.0542
-1.4247,-5.4577,5.0312
-1.2695,-6.5838,5.0723
-3.6751,-4.5092,8.3882
-2.8178,-5.891,6.5698
-3.9976,-9.3323,5.2127
-4.53,-9.3046,5.1935
-4.0361,-9.9185,5.1705
-5.1031,-1.7237,4.938
-5.6677,-1.6814,4.9828
-3.9908,-5.3,7.7001
-4.113,-5.5351,7.7345
-4.3056,-5.6401,7.7488
-3.9605,-5.0566,8.7136
-3.8247,-4.9108,8.6096
-3.9461,-4.9734,9.1861
-4.5195,-5.2889,8.3364
-4.6827,-5.1244,8.4723
-4.7457,-5.2584,8.1542
-4.6227,-1.9716,4.9889
-4.2114,-2.054,5.004
-4.296,-1.8289,4.8284
-3.8237,-4.149,8.2762
-4.1357,-4.0961,8.3557
-4.0797,-4.1903,8.7039
-3.0172,-3.3446,6.8019
-2.7194,-3.212,6.344
-3.0958,-3.1335,6.6561
-4.7238,-4.7137,9.0656
-4.7354,-4.8897,8.7747
-4.4827,-7.1143,6.2708
-4.7891,-7.2256,6.1545
-5.294,-6.1043,7.0331
-5.3488,-5.5674,7.3368
-5.704,-5.88,6.9263
-5.1738,-6.2929,6.9
-6.0826,-6.373,6.1885
-5.8214,-6.2194,6.4182
-6.2244,-5.8532,6.4194
-5.6799,-6.5328,6.33
-5.3308,-6.4437,6.4692
-6.5157,-6.0652,6.0705
-5.8356,-6.6983,6.1813
-5.9321,-6.7224,6.0071
-5.8141,-6.8877,5.7156
-5.6325,-6.9119,6.1265
-3.5118,-2.3906,5.7985
-3.9289,-2.4183,6.0519
-4.4489,-2.6851,6.6382
-6.3083,-2.003,5.0981
-4.5188,-2.0626,5.6077
-3.983,-2.2125,5.5166
-4.5142,-2.0688,5.1803
-18.333,-24.633,14.293
-19.16,-24.502,15.206
-18.611,-24.384,14.732
-17.859,-26.465,13.043
-17.953,-26.692,13.168
-18.339,-26.595,13.446
-18.172,-24.178,14.555
-18.447,-24.286,14.695
11.059,13.349,8.7739
10.891,12.957,9.0463
11.236,13.003,8.8611
-20.441,-24.182,16.578
10.826,13.845,8.3823
10.511,14.241,8.009
10.508,13.993,8.3143
7.0567,9.4337,6.3613
7.2481,9.8612,6.3894
7.0735,9.6288,6.8704
6.9842,9.6459,7.072
6.9746,9.2399,6.6679
9.5117,11.274,7.1424
9.7544,11.324,7.4544
9.3431,11.622,7.6882
9.6692,11.545,7.7893
9.7843,11.906,8.2863
10.033,11.943,8.6459
9.9029,12.229,8.7522
8.0122,11.338,7.3071
7.7873,11.532,7.3285
7.5944,10.976,7.2298
8.9893,11.205,6.9005
8.8964,11.337,7.2285
11.495,12.664,8.7474
6.4753,9.0143,5.3595
6.6199,9.4399,4.9896
4.811,9.4229,7.791
5.1945,9.5273,7.895
5.2474,9.8213,7.9251
5.5139,9.7498,8.1126
5.4227,10.056,7.9397
5.6875,10.404,7.7631
5.5412,10.66,7.3119
5.3537,10.272,7.7112
5.6794,10.046,8.0591
5.7545,9.8893,8.1518
6.0787,9.9731,7.9494
5.8265,9.5382,8.152
6.0546,9.6104,8.1236
6.3747,9.6429,7.8553
6.5934,10.233,7.5475
6.2437,9.2034,4.5097
5.9761,8.9613,4.5183
6.4741,8.9566,4.4682
4.9443,9.2574,7.8115
5.2821,9.2555,7.8007
5.4217,9.0108,7.6174
5.574,8.7268,7.1834
6.3417,9.2693,7.9257
4.9848,8.3171,7.0301
5.2505,8.579,7.0567
6.0934,9.2443,8.0535
6.1286,9.4076,8.0902
6.8256,8.5341,6.7542
6.571,8.4052,7.0342
6.5077,8.4456,6.5903
5.924,8.6031,7.015
6.2069,8.4868,6.872
6.2635,8.5359,7.2928
5.1632,8.7196,7.4221
4.4472,9.3765,7.5529
4.5362,9.1923,7.8038
4.7305,8.0802,7.0404
4.2276,8.2027,7.3597
4.4936,7.9451,6.994
2.97,9.6576,4.8771
2.7497,9.59,4.5494
3.0216,9.2633,4.7432
5.7924,8.529,4.5006
6.5241,7.4001,4.5605
6.6242,8.6699,5.9604
6.23,8.7405,5.8
6.7934,8.6525,6.2449
5.4541,8.2199,5.9917
4.8832,8.1893,5.4546
4.9756,8.5235,5.2002
5.2376,8.2313,5.6084
5.27,1.9521,4.788
5.9063,3.7759,4.6838
4.0719,8.0171,7.0188
3.7592,8.1148,6.7521
3.4313,9.1322,5.6935
3.1854,9.4191,5.3265
3.1955,9.1934,5.2085
-3.0582,-6.2746,6.4414
-3.2561,-6.6964,6.3363
-2.8498,-6.2632,6.386
-2.2567,-3.3396,6.0498
-2.8693,-3.7477,6.925
-2.6787,-3.5064,6.5952
-2.2806,-3.6348,6.2121
-3.7473,-2.7403,6.4086
-4.0721,-2.8009,6.6348
-2.6994,-4.1405,6.942
-3.2103,-3.6115,7.0835
-3.2112,-2.3953,5.4339
-3.1993,-2.3073,4.9848
-3.4581,-2.3114,5.1511
-2.167,-5.989,6.0636
-2.0688,-5.9002,5.7863
-2.1463,-3.2784,5.4083
-2.1682,-3.1695,5.1083
-2.4169,-2.9554,5.1835
-2.7286,-6.4342,6.2909
-2.4893,-6.3927,6.1437
-2.2815,-5.9209,6.2327
-1.81,-4.9204,6.0288
-2.0427,-4.9977,6.2267
-1.9284,-5.3021,6.1151
-2.5681,-4.6974,6.9446
-2.8601,-4.6676,7.1192
-2.659,-5.106,6.9499
-3.4057,-2.059,4.8289
-3.5478,-2.1751,4.8904
-2.1561,-5.4311,6.2456
-20.771,-24.031,16.925
-3.9589,-1.0021,4.8006
-2.8662,1.4025,4.7136
10.817,13.315,8.8669
10.565,13.616,8.5885
12.043,12.752,5.3084
12.166,12.468,5.0815
12.313,12.629,4.6627
11.429,13.238,8.0428
11.06,13.707,8.3867
11.728,11.001,7.7046
10.945,11.399,8.1635
10.789,11.351,7.9985
11.19,11.173,7.8251
10.936,14.164,7.3196
12.145,11.752,6.9902
11.898,11.554,6.5022
10.543,15.554,4.5781
11.023,15.487,4.2892
7.4727,10.366,4.441
7.3238,10.751,4.4758
9.0325,11.504,6.1248
9.5456,11.58,6.1215
9.2995,11.304,6.6481
10.311,14.04,8.2072
10.779,14.206,7.7565
8.3441,10.934,6.8664
8.5857,11.068,6.7232
8.5838,11.201,7.0346
8.4802,11.395,7.2752
8.3151,11.665,7.426
8.2114,10.898,6.4557
8.3744,10.89,6.6837
8.0769,10.754,6.7042
8.4577,11.05,6.4945
9.3151,10.895,4.4405
9.6843,10.993,4.4582
9.4041,11.173,4.5758
7.3426,10.523,7.1849
7.2571,10.973,7.2644
7.1029,10.477,7.2941
7.1975,10.14,7.1121
6.8308,10.191,7.4109
7.8079,10.531,6.6474
7.818,10.596,6.414
6.4456,9.3745,4.6401
6.1575,9.2092,4.7091
4.8296,8.9174,4.7807
5.0837,9.0525,4.6138
4.5247,8.8382,4.4917
4.8123,8.788,4.5129
4.5614,8.901,4.6041
6.5357,9.2487,4.49
6.8322,9.8383,4.8531
6.6996,9.5046,4.6357
6.9335,9.768,4.6209
6.247,9.044,5.1642
6.4221,9.3431,4.798
5.45,9.1052,4.7375
5.8619,9.1356,4.7456
5.8291,9.025,5.084
5.7031,9.1148,4.5795
5.1619,8.8818,4.4884
5.2539,9.0698,4.543
7.6025,5.9943,4.6066
4.5075,8.7439,4.8431
4.2807,8.7495,4.5813
4.5099,8.3808,5.181
4.0636,8.345,5.2949
4.5024,8.045,5.548
4.0051,8.7304,4.5259
3.999,8.7771,4.679
3.8648,8.6985,4.9386
3.7246,8.6148,4.553
4.3085,8.4862,4.4916
3.6771,8.3276,6.7079
3.6088,8.9012,6.2489
3.5937,8.2077,6.3771
3.2708,9.0118,4.7852
3.0643,8.9707,4.5235
3.383,8.855,4.5425
4.7118,-3.998,5.0197
-1.776,-4.2265,5.3543
-1.8225,-4.0094,5.6738
-1.7453,-4.4655,5.8316
-1.4129,-4.3498,4.9856
-1.6337,-3.5306,4.9321
-1.7117,-3.8142,4.9828
-1.9419,-3.6375,5.182
-2.0279,-3.4662,5.5857
11.96,12.206,8.1789
11.826,12.211,8.5686
12.04,11.928,8.3372
-1.9056,-4.5758,6.1273
-1.8939,-3.4787,4.9765
-1.8801,-3.0974,4.9268
-2.2876,-2.7395,4.9075
-2.387,-2.8963,4.9998
-1.4845,-2.6896,4.9134
-1.8112,-5.3266,5.2603
-3.1704,-5.5332,7.1439
-2.8847,-5.6029,6.9318
-3.6996,-5.3888,7.5081
-3.9762,-5.9337,7.349
-3.3797,-5.9334,7.0837
-3.8639,-5.6803,7.5041
-2.8714,-5.7878,6.7714
11.419,11.058,7.6076
11.501,11.056,7.9326
12,11.31,8.0955
11.786,11.049,7.974
11.51,11.257,8.3605
11.953,11.871,8.571
11.793,11.704,8.682
11.998,11.635,8.4125
11.321,14.875,4.4199
11.727,14.156,4.3407
12.054,14.195,4.1961
11.671,14.735,4.2381
-2.3852,-6.4362,5.2609
-2.2624,-6.5027,5.076
-2.1112,-6.0603,5.1288
10.868,11.632,8.6666
11.202,11.506,8.7473
10.976,11.706,8.8791
11.319,13.623,6.5673
11.981,12.623,6.0144
11.095,11.122,7.4967
11.364,11.106,7.2953
10.684,11.028,7.1227
10.571,11.106,6.8056
10.903,11.076,6.5709
9.8087,11.267,6.8603
10.153,11.183,7.2034
10.345,11.623,5.592
10.037,11.766,5.3102
10.436,11.615,5.3083
9.0118,11.46,5.2383
9.4882,11.487,4.8801
9.5185,11.735,5.2999
-2.2384,-4.7964,6.3678
-2.3659,-4.8168,6.5957
-2.1336,-4.1953,6.2297
-1.96,-6.0293,5.0255
-1.991,-5.777,5.3126
12.195,11.879,7.7699
11.988,12.356,7.4652
12.211,11.517,7.8069
12.144,11.716,8.1016
-6.6748,51.581,2.5001
-7.5431,52.496,2.3651
-7.1869,50.562,2.4049
-1.005,-12.916,5.5985
0.32943,-13.322,5.6231
0.30606,-12.028,5.4907
12.002,-6.2934,5.2201
8.4301,33.451,4.0901
8.0406,34.584,4.6953
7.8824,33.217,4.5413
8.4554,43.221,3.6488
-4.9045,-8.8074,1.3753
-3.5143,-8.6547,-1.6371
-37.609,28.706,3.3551
-37.852,29.718,3.2645
-38.239,30.868,3.4635
4.4327,25.209,10.693
4.1806,25.214,10.988
4.2249,24.881,10.715
6.4294,27.733,4.0065
6.0722,27.456,4.2769
22.7,10.64,7.2083
23.904,14.611,7.7261
23.018,15.248,7.6215
5.2986,24.559,4.8673
-15.433,-29.045,12.502
-15.109,-29.405,12.61
6.1515,26.165,4.1353
6.4172,25.349,3.9895
9.0356,26.783,3.6866
9.459,25.798,3.7788
10.054,26.144,3.9564
9.9523,29.362,3.8496
9.8006,27.489,3.9104
11.975,27.419,4.1695
3.174,-17.787,-7.9566
2.6758,-16.626,-6.4061
-5.3325,-16.046,3.6173
-4.52,-15.063,3.0262
-3.9895,-14.923,2.1933
4.8215,-8.607,-6.7687
4.8939,-9.6112,-6.5353
5.2042,-8.4544,-6.5347
4.6936,-9.7871,-5.7754
4.6257,-11.115,-6.8801
4.4012,-12.377,-7.3626
-30.181,3.9421,4.3755
-32.449,4.1967,4.2095
-31.598,2.6098,4.2169
14.41,19.669,4.2808
4.6709,-10.538,-7.0976
4.402,-9.6304,-7.1294
4.3412,-10.995,-7.6852
-7.8059,-24.728,-1.1708
-9.8486,-27.085,-1.2205
-11.432,-26.85,2.0511
16.668,14,4.7545
15.65,13.91,4.4011
16.367,12.589,4.5464
-17.196,54.493,2.2711
-14.718,55.013,2.2517
-19.318,55.525,2.3171
18.546,-0.73573,5.6746
19.061,-1.7329,5.6936
20.405,-0.26946,5.7193
-0.21694,-16.32,-2.9485
-1.6486,-16.77,-1.7058
-0.063615,-15.133,-2.6412
-3.0987,-18.166,-0.60561
-4.8441,-18.239,1.6277
-3.7012,-15.984,1.1819
4.331,-16.044,-9.8102
3.9264,-16.726,-8.7708
4.7127,-14.431,-8.9042
-15.637,41.217,2.849
-13.819,42.897,2.8592
-15.105,43.162,2.8679
4.9484,-7.4935,-6.2255
-13.396,-26.913,5.8593
-12.97,-25.867,6.7822
-12.23,-25.449,6.1375
-14.718,-27.709,7.2094
-14.025,-26.506,7.4795
-18.724,-24.307,15.256
-19.206,-24.346,15.513
-14.371,-26.081,8.5962
-16.072,-29.261,7.7893
-16.237,-28.268,9.5089
-19.186,-25.177,16.54
-18.791,-25.625,16.509
-18.165,-25.688,16.478
-2.7311,39.008,3.4357
-3.6115,38.238,3.3013
-2.4164,37.943,3.3193
-8.586,41.638,2.919
-6.416,39.865,3.0806
-5.3706,41.138,3.0544
-20.288,-24.941,16.399
-20.269,-25.106,16.185
-20.186,-25.129,16.386
-3.3224,40.978,3.4878
-4.8444,39.569,3.0969
-8.9865,37.76,3.1387
-6.7849,38.644,3.1725
2.3727,25.831,8.6009
2.1853,25.779,9.0499
3.391,25.194,8.9598
3.1463,25.28,8.7031
-11.372,-5.8646,-0.072265
-11.244,-5.7019,-0.7835
-8.7966,-6.6621,-2.5017
2.2257,25.262,9.6302
2.9272,25.137,9.214
4.3749,24.891,10.128
4.4455,24.951,10.491
4.2326,24.659,10.385
-0.9519,31.496,3.3621
-0.38736,31.465,3.4559
-0.65577,32.496,3.4605
-35.565,23.18,3.4056
-36.128,24.822,3.2342
-36.695,21.894,3.398
-32.448,24.379,3.3095
-29.813,24.284,3.319
-29.949,26.158,3.2735
-34.808,32.892,2.9886
-34.146,34.489,3.0716
-35.438,34.907,3.1321
13.557,5.0326,4.6533
14.143,5.0752,4.6285
-3.3128,-10.895,5.2483
-4.3462,-10.165,5.0921
-3.9165,-11.32,5.1595
17.406,-5.0867,5.5906
15.912,-3.0807,5.4768
15.385,-5.6891,5.4006
9.9293,35.435,3.6509
9.2137,34.207,3.739
9.6381,32.945,3.5892
5.5167,-7.1556,-5.7265
-25.314,1.1315,4.568
-23.946,0.86137,4.649
-22.988,2.0189,4.5456
-13.229,-8.0518,4.7777
5.1798,-7.0885,-5.2167
4.7643,-6.8014,-4.8831
-15.984,-3.6665,4.8846
0.0072745,-21.056,-5.9734
0.92048,-18.162,-5.045
-19.035,-3.1993,4.7723
-19.567,-3.9535,4.6822
-18.318,-4.2039,4.7619
-14.03,-0.30175,4.6454
-15.181,-0.22214,4.6526
-14.405,-1.2438,4.7639
-4.0806,-3.6849,13.656
-15.646,-30.913,12.904
-4.3019,-3.2119,12.399
-4.7172,-3.5706,13.053
-3.8006,-4.1601,10.228
-3.612,-4.4289,10.245
-3.8258,-4.3882,9.8879
-10.624,-15.337,9.402
-10.395,-15.204,9.4488
-10.129,-15.293,8.9464
-11.175,-15.592,9.9934
-11.059,-15.475,10.153
-3.4973,-4.6699,10.367
-3.4388,-4.2382,10.634
-14.123,-18.929,12.17
-13.803,-18.993,12.135
-25.457,4.4944,4.3892
-25.151,3.1611,4.4763
-30.248,10.063,4.0058
-29.668,8.8862,4.0355
-16.241,-27.925,10.85
-16.284,-27.806,10.305
-6.3077,-21.714,2.0195
-13.713,-18.325,11.797
-13.123,-18.179,11.748
-12.572,-17.615,11.334
-8.9007,-15.67,8.7574
-8.4646,-15.535,7.9031
-9.9239,-15.278,9.1367
-6.9067,-21.326,3.4745
-3.9071,-12.002,3.3364
-4.1577,-12.781,3.3964
-4.4591,-12.072,3.9514
12.678,17.929,4.0649
0.78463,28.228,6.5914
1.2443,27.117,7.7438
0.97817,27.694,7.8693
0.76187,28.093,5.2447
0.88197,27.246,5.1187
1.0803,27.529,6.0223
0.25695,28.606,3.8707
0.27466,29.404,3.848
-5.8894,35.195,3.3651
-0.38951,27.488,3.6472
-0.15616,26.404,3.7728
-2.309,-15.954,-0.60561
8.7577,-6.9923,5.1287
6.8441,-14.47,6.9428
-0.66858,-8.8544,-0.31693
-0.6714,-9.2866,0.1855
-1.5552,-9.1103,0.01909
-0.16275,-8.4587,-5.1667
0.76814,-7.7076,-3.3069
-1.5085,-8.4865,-3.6601
0.53034,-8.3688,-1.0845
1.9014,-8.0065,-1.7894
-36.679,27.673,3.1065
-34.618,27.077,3.1417
-36.065,30.486,2.9985
4.1741,25.981,8.2647
3.7176,25.725,7.8051
4.3212,26.434,7.6547
-5.1401,-4.3519,11.552
-4.7898,-3.8822,10.078
-4.8157,-4.0922,9.7639
-15.533,29.913,3.426
-15.73,27.477,3.4147
-23.293,6.2711,4.2934
-23.494,8.0545,4.3763
-30.171,2.4057,4.3154
-29.708,0.21262,4.3899
-27.613,-1.6747,4.616
-4.2729,-3.2903,11.295
-12.34,-21.106,12.464
-13.094,-21.342,12.459
-11.979,-21.85,13.097
-13.164,-21.051,12.2
-13.695,-21.491,12.274
-6.2479,-8.7568,5.1813
-6.0427,-8.4967,5.198
-6.8233,-8.6223,5.1863
-8.6841,-15.901,7.3077
-9.1526,-15.702,7.8463
-2.6674,-6.7068,5.3322
-2.4385,-6.4781,5.6264
-2.6069,-6.8198,5.1087
-2.4859,-6.6054,5.1288
-9.305,-15.472,8.2706
-15.91,-28.487,13.476
-15.594,-28.774,13.83
-16.23,-28.681,14.293
-20.24,-26.825,15.495
-20.049,-27.018,15.379
-20.116,-26.76,15.66
-14.916,-29.626,13.658
-20.194,-26.333,15.885
-20.256,-26.038,16.013
-17.081,-29.415,9.9326
-16.923,-29.139,10.254
-16.529,-28.564,9.9373
-16.394,-28.2,10.328
-19.486,-26.718,14.547
-19.676,-26.961,14.693
-19.943,-26.906,15.014
-18.199,-32.684,6.5678
-16.193,-23.5,12.453
-16.216,-23.325,12.638
-15.347,-22.769,11.762
-14.898,-22.061,11.591
-6.8662,-22.316,2.0256
-13.823,-28.658,3.714
-12.605,-26.653,4.4885
12.05,19.443,3.9936
12.062,18.344,4.0156
12.93,18.896,4.0309
-12.31,-23.154,8.0854
-13.014,-24.147,8.3742
-12.975,-23.229,8.7744
9.8612,19.104,3.977
8.1444,17.938,3.9711
1.6455,26.818,7.1182
9.8771,14.638,6.9318
10.188,14.554,7.47
5.4893,-7.5403,-5.5775
3.0279,-7.1172,-2.9973
2.0836,-7.2394,-2.8064
3.588,-6.8137,-3.9097
5.443,-9.3809,5.2106
5.4004,-10.586,5.2529
6.5906,-9.0835,5.1034
2.3995,-8.5019,5.1725
1.6731,-8.3596,5.1332
0.47627,-7.8456,-2.3045
1.501,-7.5355,-2.186
5.9602,-13.129,6.1094
8.0468,-12.17,5.8912
5.5431,-12.246,5.6324
4.5211,-7.7746,-4.2432
5.0473,-7.3872,-4.8312
4.7914,-8.4683,-4.919
-1.9021,-18.963,-2.3469
-2.4699,16.399,4.0378
12.395,-1.8499,5.2791
11.702,-3.5266,5.2175
13.077,-2.7077,5.3326
14.333,2.4321,5.5818
14.811,3.0176,5.6077
-15.991,-28.736,11.847
-16.013,-28.41,11.699
-19.647,-24.625,15.6
-16.466,-27.374,11.56
-16.422,-27.266,11.177
-18.852,-24.312,15.156
-11.846,-23.771,7.3662
-13.616,-24.893,8.655
-16.329,-29.623,11.936
-15.982,-29.038,11.982
-4.4667,-8.5516,-3.4942
-3.2047,-8.9804,-4.7612
-10.371,-6.8745,5.0588
-9.8463,-7.1884,5.1347
-10.713,-6.135,5.0244
-9.1632,-7.2481,5.1769
-16.398,-7.1501,4.5875
-16.455,-7.1977,4.8025
-14.504,-8.1706,4.5121
-14.192,-8.212,4.5334
-14.702,-8.2445,4.8618
-15.627,-7.5157,5.047
-9.7985,-7.6291,4.9113
-13.015,-19.548,11.889
-13.328,-19.82,11.838
-12.73,-20.202,11.961
10.604,5.2414,4.6896
10.758,4.9449,4.7773
-9.0771,-23.412,4.2454
-10.383,-24.398,4.6826
-15.069,-30.072,12.791
-12.586,-26.102,5.5138
1.8337,17.1,4.0558
1.0974,16.596,4.0852
1.8522,15.889,4.0822
-5.7575,18.932,4.0026
9.6106,14.972,5.8069
8.4626,12.846,7.3059
8.9536,12.914,7.7393
9.0048,13.952,6.9417
10.748,-0.20793,4.9054
10.438,0.39873,4.9478
16.582,9.7833,4.5132
16.116,9.5859,4.4232
16.412,8.4195,4.4858
-11.045,16.462,3.9316
-4.6462,-3.4294,12.546
-4.9598,-3.7824,13.091
-4.9104,-4.5027,9.9994
-4.9917,-4.3648,10.23
-11.248,-4.7641,4.9568
-11.822,-3.7057,4.9348
-12.482,-4.4613,4.9299
-14.074,-18.773,11.726
-15.773,-22.734,12.594
-15.991,-23.05,12.905
-15.589,-22.737,13.065
-16.45,-23.403,13.048
-15.119,-22.422,12.959
-14.665,-21.812,12.105
-15.279,-22.164,12.38
-14.758,-22.608,11.137
-14.313,-23.576,10.093
-15.408,-24.145,11.062
11.973,11.833,4.9011
11.711,11.72,5.1902
11.472,11.6,4.9755
12.569,3.6571,4.8006
11.852,3.7319,4.8757
11.031,4.4619,4.8166
10.355,4.2125,4.831
7.8499,10.961,4.3952
7.8258,11.177,5.2186
8.1553,11.188,5.5155
8.0136,11.062,5.8328
7.9431,11.267,4.7788
8.4251,11.135,4.8051
8.2093,11.222,5.1764
8.8632,10.845,4.5413
8.3603,10.792,4.4411
8.435,10.477,4.428
13.366,3.3901,5.0548
13.043,3.1527,5.0724
13.283,2.7248,5.2892
13.033,3.6148,4.8382
-2.7312,-4.0342,11.269
-2.481,-4.2648,11.419
5.9035,-8.2299,5.1436
4.8509,-8.5931,5.1046
2.354,-7.3755,5.1366
11.288,0.33962,4.9955
-2.3996,-13.464,1.0682
-3.9172,-13.637,2.7365
-2.685,-11.983,2.1259
-4.5576,-7.519,5.1369
-5.0101,-5.2201,7.9835
-4.8596,-5.5532,7.7344
-4.8074,-4.469,13.656
-4.3766,-4.1681,13.945
-4.6224,-5.6932,12.018
-4.7374,-5.8124,11.901
-3.8979,-4.3822,14.165
-4.0717,-4.1747,14.103
-4.228,-4.5383,14.156
-19.062,-24.372,15.215
-13.091,-1.0179,4.6517
-12.64,-0.39494,4.603
-13.493,-0.44657,4.5786
-12.303,0.46452,4.6264
-11.894,-1.2702,4.702
-5.612,-7.0638,5.426
-5.5659,-7.1721,5.2664
-12.933,-17.714,11.1
-12.923,-17.73,11.353
-12.611,-17.487,11.099
-13.45,-19.226,11.977
-20.828,-24.012,17.009
-17.224,-23.849,14.004
-17.102,-23.823,13.746
-17.491,-24.123,13.836
-16.718,-23.544,13.68
-16.792,-23.612,13.513
-16.35,-28.042,12.866
-15.917,-28.388,12.926
12.393,11.706,4.5172
12.156,11.847,4.7033
11.697,11.428,4.5975
7.9708,13.64,6.2751
10.461,-3.4155,5.0648
11.38,-3.0292,5.134
10.409,-2.9501,5.0696
11.819,13.647,4.484
11.57,14.019,4.4991
-1.7755,-9.9541,1.1235
-1.891,-10.555,1.5591
-2.7669,-10.719,2.209
5.8338,10.57,7.5624
8.9578,11.862,7.7137
9.2745,12.085,8.0016
8.0161,10.956,6.1368
5.276,13.525,4.5125
5.1567,11.642,5.9862
6.6428,13.146,5.6741
-4.8386,-4.0835,8.3579
-4.226,-4.1512,8.5703
-4.5013,-3.5998,7.7777
10.902,12.533,9.138
-17.211,-27.95,13.741
10.753,9.2096,4.4076
11,8.6337,4.4988
6.8661,11.125,7.1989
7.3203,11.709,7.1606
6.4899,11.312,7.0011
8.7742,11.565,7.4689
10.347,10.38,4.4132
9.7169,10.465,4.3888
10.3,9.3653,4.4081
8.1007,11.952,7.4022
8.6399,11.977,7.6195
-18.809,-25.016,14.547
-19.399,-25.189,15.094
8.6765,11.269,6.4003
8.4654,11.311,6.1562
8.004,10.879,6.9817
9.0094,11.174,4.7768
10.341,11.336,4.8125
9.9145,11.628,5.0026
9.779,11.309,4.6675
-25.213,-4.0078,4.6674
-23.969,-4.4381,4.4958
-23.458,-3.7309,4.7519
11.357,15.392,4.1944
12.012,14.736,4.1696
-29.052,-1.4477,4.5241
-26.444,-3.3469,4.6808
9.6696,11.816,5.6131
0.65781,-13.779,5.8043
-5.8283,-9.4765,4.3417
-6.3869,-9.1865,4.6641
-6.8191,-8.8386,4.2913
26.795,2.6533,7.2599
25.818,1.1073,6.9368
27.399,1.5917,7.37
7.7079,41.015,4.3272
-36.954,33.66,3.1974
-36.561,34.87,3.2496
8.6677,32.505,3.8311
7.9266,30.793,4.0321
28.757,30.585,8.5379
27.359,32.621,8.1627
24.749,24.367,7.949
24.809,-2.4046,7.1495
25.353,-0.21427,6.8616
3.7736,-7.6612,-5.864
16.801,5.3445,4.9582
17.078,4.6984,5.3683
18.001,5.6619,5.3223
-3.6948,-12.488,5.3581
-4.2076,-12.433,5.2113
-4.5216,-13.475,5.3878
-7.2966,-15.472,7.1581
-7.9558,-16.229,8.6671
-6.2892,-15.544,7.161
1.4935,26.781,6.21
1.746,26.654,6.7894
-0.26115,32.139,3.9581
-0.015884,31.647,4.811
-0.3678,33.461,4.2548
-0.8233,35.165,3.4721
-0.98497,34.375,3.3711
-9.0749,-7.3532,3.5514
-8.7615,-7.2075,2.9091
-4.5538,35.409,3.2805
-7.2036,-8.6619,5.1693
-7.2926,-8.729,5.0628
-6.8401,-8.8412,5.137
-13.23,-22.042,13.198
-13.485,-22.513,13.763
-12.797,-22.685,13.962
-4.2331,-8.6108,5.1756
-5.0635,-8.673,5.2019
6.5188,-10.709,5.3235
8.6599,-10.723,5.4618
-3.9807,-22.896,-3.4267
-6.2088,-23.556,-1.5365
-4.6898,-22.199,-1.7278
-9.6413,-18.008,10.572
-11.843,-19.33,11.719
-13.787,-25.479,15.893
-13.236,-24.711,15.482
-15.157,-25.141,15.828
17.401,3.3818,5.7942
19.502,4.0127,6.1082
18.496,4.6449,5.7316
21.358,5.6066,6.4457
21.478,7.2026,6.5841
19.883,6.6196,5.8472
-5.173,-4.3326,12.583
-14.671,-22.716,13.792
-14.429,-23.071,14.398
-17.874,-24.309,15.13
-4.304,-10.15,2.8406
-4.8097,-10.31,3.5723
-5.4465,-9.4368,3.2993
4.078,-9.0382,-7.0407
24.41,4.1721,6.9719
3.1087,-10.233,-7.7511
4.6706,-14.516,-9.4774
4.8492,-13.171,-9.1838
-0.61384,-22.62,-6.6605
-2.1428,-23.632,-6.1705
-2.0643,-22.137,-4.6035
22.114,-1.7597,5.9895
-7.1735,-25.376,-3.3504
-5.6374,-24.796,-4.3113
-8.0691,-27.01,-4.3674
8.4401,-9.2739,5.1228
7.642,-8.7216,5.0758
8.3296,-7.7265,5.1414
22.428,7.5898,6.9135
-6.7608,51.201,2.6372
-9.4148,53.474,2.2828
-7.195,-8.8453,4.8378
-7.4522,-8.614,4.6943
-2.9829,-13.94,5.838
-3.6167,-15.037,6.5162
17.939,34.624,4.8972
23.797,34.527,6.8955
26.104,37.089,7.5561
-36.563,26.639,3.2333
-37.258,28.2,3.2011
21.825,4.6365,6.5056
16.182,24.109,4.8097
17.268,23.321,5.2355
19.651,24.572,6.171
15.098,35.322,3.9703
13.937,39.454,3.5453
13.352,36.252,3.603
3.7638,-16.986,-11.337
3.3884,-17.491,-11.88
11.284,32.942,3.5698
12.871,32.108,3.7149
11.56,42.185,3.4656
9.2209,39.66,4.0464
11.239,37.539,3.5764
11.177,35.473,3.5226
12.947,37.974,3.4654
9.9974,24.936,3.9262
11.301,25.626,4.1869
9.445,30.802,3.6781
3.5711,-18.778,-9.892
4.4023,-14.471,-9.9691
3.8842,-15.249,-10.792
-15.51,-26.084,10.215
-14.557,-25.649,9.3683
-15.556,-26.909,9.6937
-6.4187,-24.383,-2.7319
-6.0949,-8.9448,5.1104
-5.2401,-9.0299,5.1571
4.692,-11.617,5.336
-1.0397,-11.837,-8.9916
2.0712,-13.861,-10.543
-17.111,-25.046,16.002
-16.214,-24.578,15.443
-4.5453,-11.021,4.7208
-4.7877,-10.598,4.4906
-4.3034,-11.184,4.985
-15.904,-7.6113,4.9833
-3.0244,-8.8274,-0.61414
-1.666,-8.4453,-2.704
-4.3049,-9.204,-6.1376
-3.2623,-9.9637,-7.0494
-6.9123,-7.4503,-2.1571
-12.873,-19.088,11.869
-12.447,-19.729,11.873
-14.738,-23.335,14.617
-14.288,-23.441,14.779
-13.581,-19.566,11.853
17.973,8.6336,5.0636
19.096,9.5476,5.6991
17.709,9.9335,5.0862
16.947,8.629,4.6123
20.766,7.7797,6.245
19.096,7.1392,5.4574
20.182,7.773,5.986
-15.39,-22.93,13.797
-17.184,-23.897,14.332
-16.845,-23.72,14.279
-16.875,-23.658,14.054
-17.14,-27.772,13.287
-4.2248,-3.9394,13.912
-15.642,-24.73,15.581
-20.444,-24.467,16.713
-20.119,-24.582,16.614
-17.212,-28.129,14.669
-16.722,-28.38,14.983
-17.642,-27.757,15.268
-19.581,-24.477,16.364
0.476,-22.566,-8.0508
-1.4674,-23.758,-7.0118
17.11,19.031,5.2019
18.894,17.642,6.1585
18.514,19.88,5.9643
6.4919,34.69,6.8456
8.4322,37.087,4.5472
7.7721,38.52,4.8251
4.9363,26.865,8.0294
4.6939,26.406,8.2911
-18.508,39.443,2.9138
-20.09,41.658,2.79
-1.7248,-11.047,5.333
-2.1364,-10.135,5.2243
-11.312,-7.7675,4.1549
-12.081,-7.8767,4.427
-12.102,-7.7494,3.798
-10.854,-7.5639,3.714
-10.425,-7.5633,4.1175
-2.6481,-12.725,5.4819
-1.4897,-12.141,5.405
-6.8168,-17.966,9.5459
5.4474,27.639,5.9606
5.3275,27.55,7.1722
4.7163,26.821,7.2088
-4.733,-13.706,4.0595
-4.7117,-13.091,4.6256
-5.3914,36.158,3.2489
0.51579,28.298,4.2858
-5.0123,-14.075,5.3797
-4.8152,-14.131,5.6533
-4.4852,-11.751,4.7344
-4.4667,-14.424,3.2776
11.348,-11.774,6.1574
-0.16437,34.037,4.968
0.017054,33.86,6.2031
-0.36252,36.022,4.3026
-8.2206,-7.2988,2.1911
-2.7516,-11.327,2.3575
-3.8465,-11.411,3.2503
1.5683,-14.638,-4.1293
0.016772,-16.997,-3.3589
-32.02,36.607,3.1837
-31.008,36.123,3.1399
-31.007,37.321,3.2214
-7.8024,-8.1919,5.1379
-7.9584,-8.282,4.9943
-7.655,-8.4332,5.0844
-6.1323,-9.2236,4.8864
-6.5494,-9.1512,4.9086
-9.365,-20.71,12.042
-12.038,-17.164,11.01
-5.2024,-9.9853,4.5668
-5.6744,-9.466,4.7911
-12.641,-20.66,12.144
-5.1784,-10.116,4.1449
-10.544,-16.049,10.214
-11.113,-16.654,10.67
-11.058,-15.692,10.355
-15.159,-29.015,13.676
-14.936,-29.251,13.665
-20.006,-27.063,15.232
-19.966,-27.026,15.059
-19.813,-27.191,15.063
-19.588,-27.322,14.751
-19.453,-27.376,14.815
-19.635,-27.299,14.906
-32.874,6.1009,4.15
-34.515,6.5423,3.9604
-3.5526,-10.661,2.7001
-3.2254,-9.893,1.7905
-2.9881,-9.4337,5.1959
7.1739,12.068,6.8796
6.174,11.755,6.5336
-4.2547,-13.765,5.5772
-4.249,-14.433,5.8791
-3.3942,-13.666,5.6317
-8.11,-7.1591,0.57384
3.0935,-15.806,-11.469
-18.136,-5.0763,2.9501
-15.246,-6.5633,3.3286
-18.332,-5.2818,3.8173
-5.8728,-8.1879,-4.8036
1.5573,27.428,10.897
1.2375,27.517,10.53
1.5563,26.505,10.688
1.6033,-14.618,-11.071
13.955,21.227,4.278
13.617,22.471,4.2386
12.641,21.674,4.0942
-4.4899,-9.442,2.1815
-37.84,33.083,3.4176
-37.216,34.092,3.3025
0.22743,-9.7363,-7.2257
-18.492,-24.826,16.205
-11.292,-24.221,14.942
-15.603,-23.838,14.849
-16.978,-24.138,14.903
-15.741,-29.317,14.263
-9.679,-6.6346,0.07987
0.71877,28.565,8.0199
1.0483,27.237,8.9797
1.0957,26.854,10.006
-10.868,-7.7311,4.4657
-9.8977,-7.4837,4.2219
-10.034,-15.597,9.6451
-0.73518,35.713,3.7557
-0.72929,37.016,3.8385
-0.45528,36.563,5.0158
-0.61723,37.105,4.134
13.95,-10.787,6.3234
10.991,-13.101,6.8118
-19.53,-24.818,16.534
-17.576,-26.092,16.344
-17.122,-26.528,16.137
-16.596,-26.226,16.211
-19.659,-26.004,16.287
-19.231,-25.775,16.44
-19.539,-25.448,16.493
11.658,23.125,4.038
-8.0417,-8.2615,4.8175
-7.3866,-8.4612,5.1391
-7.5977,-8.5238,4.918
-7.4128,-8.6552,4.9221
-7.6826,-8.3857,4.5118
-8.0554,-8.0565,4.3582
5.8422,29.596,7.7318
5.19,27.965,9.5951
-7.0405,-8.1682,3.1328
-8.5431,-7.3471,3.2256
-37.312,29.926,3.1051
23.486,3.3786,6.6199
23.804,18.355,7.9153
13.122,25.336,4.266
3.9181,-13.71,-10.161
4.6147,-13.06,-9.5239
-8.3917,-23.102,13.697
-12.312,-23.26,14.436
-13.142,-8.0551,4.3183
-13.583,-8.0682,4.2074
-13.685,-7.7994,3.889
-12.343,-7.3788,3.1768
-9.6402,-24.485,14.853
-14.444,-24.644,15.532
-3.545,-9.3167,1.1422
-2.3929,-9.5047,0.87343
-13.74,-22.989,14.378
-14.801,-24.127,15.204
-17.173,-24.438,15.32
-18.826,-27.507,14.943
-18.744,-27.548,14.66
-17.33,-27.554,15.567
-18.085,-27.687,15.093
-19.037,-5.0281,3.4393
18.02,21.687,5.6337
7.3067,33.957,5.4909
15.084,25.991,4.4704
15.999,28.408,4.5667
13.507,28.434,4.1087
9.7336,37.193,3.9345
8.9604,35.651,4.1223
-4.3345,-21.187,11.692
-3.2463,-16.749,8.1057
-0.14141,-19.011,9.7425
0.21887,32.65,7.7267
-0.19569,35.041,6.7187
-1.9115,-13.5,5.7882
-6.1216,-16.412,8.0524
6.6455,28.886,4.5894
7.1177,29.032,4.2543
7.4248,30.662,4.3902
6.4392,30,5.8114
6.1914,28.614,5.0706
26.844,16.217,7.9717
22.809,23.281,7.5291
23.868,28.88,7.3156
25.164,9.9193,7.5263
14.929,40.211,3.9471
3.1299,-13.808,-10.418
10.776,26.594,4.1054
-19.908,-25.354,16.455
-20.16,-24.977,16.509
-17.031,-25.854,16.342
-15.757,-25.957,16.173
-15.929,-25.636,16.187
-14.907,-7.9032,4.3996
5.4053,29.793,9.3002
-10.053,-6.9188,1.8365
-9.4414,-7.5472,4.3004
0.10134,33.134,8.212
0.76947,28.953,9.3515
3.9311,-10.438,-7.6703
4.4292,-11.816,-8.4633
18.304,10.846,5.3912
16.845,10.724,4.6462
17.846,15.878,5.4783
-0.066036,31.163,3.8663
4.4687,26.52,11.095
4.796,26.62,10.674
4.8227,27.352,10.514
29.089,33.964,8.5378
0.25872,-20.421,10.797
22.636,18.88,7.819
22.942,18.545,7.8657
24.293,20.966,8.0092
14.637,41.863,3.8291
19.549,19.061,6.6248
-13.096,-8.0706,4.5574
-12.27,-6.0424,1.259
-15.46,-4.9413,1.4448
-13.899,-5.1019,0.72804
2.7655,-14.185,6.3983
21.361,21.321,7.2643
16.248,31.961,4.4028
14.827,22.774,4.4136
15.705,21.341,4.6001
21.694,9.1888,6.8114
0.94623,28.348,9.9616
1.1174,27.105,10.262
-3.89,-22.527,12.708
5.9518,28.566,5.9998
-4.8676,-15.068,6.3315
-4.4857,-15.968,7.3228
7.1819,32.107,5.2368
-19.672,-27.221,15.217
-11.343,-6.9301,2.3099
-12.21,-6.5846,2.0692
-10.764,-6.6215,1.3621
7.1666,38.251,5.3208
29.571,33.854,8.614
22.625,17.029,7.7248
29.009,27.828,8.5269
22.587,21.032,7.7088
22.445,19.749,7.7549
28.055,3.0506,7.4726
30.045,21.478,8.3263
30.136,30.872,8.6952
3.0388,-13.022,5.5913
2.5617,-12.635,5.406
1.5031,-13.224,5.5291
-30.76,29.279,3.2308
-18.649,2.7043,4.5581
-19.569,-33.03,10.729
-19.425,-32.766,10.317
-32.873,35.881,3.1976
-32.411,36.934,3.2374
-31.724,37.608,3.2941
14.132,-6.5487,5.178
13.345,-6.8888,5.1985
-30.125,32.639,3.2375
4.5782,25.185,10.267
5.6306,27.151,5.0791
5.7261,27.713,5.1228
5.287,27.43,5.8355
3.8959,-10.749,5.26
3.9725,24.966,10.941
3.5918,25.047,11.179
3.3741,25.82,11.703
3.8275,25.898,11.659
3.5672,24.295,10.275
3.8963,24.447,10.28
3.7072,24.314,10.512
2.5748,25.024,10.896
2.6802,24.544,10.705
2.9961,24.856,10.939
1.3735,24.939,5.3691
-3.7631,-6.0117,11.296
-4.1314,-6.2636,11.442
-4.6424,-6.0871,11.836
-4.6481,-6.083,11.577
-32.454,33.716,3.1263
-15.681,23.084,3.6117
-17.641,27.39,3.4257
-18.082,23.771,3.5542
-20.013,24.774,3.5341
-18.909,24.048,3.5153
-16.815,18.97,3.7793
-17.137,19.917,3.6599
-20.095,24.095,3.6363
-1.665,29.913,3.482
-0.12166,30.706,3.5721
-0.39348,30.991,3.4568
-4.7904,-5.7529,11.744
-4.7641,-5.6462,11.468
5.956,25.421,4.3345
5.5908,24.906,4.606
5.882,25.002,4.2145
5.1599,23.988,4.5708
-17.531,31.675,3.1423
-17.827,33.832,3.0562
-19.469,30.725,3.2351
-0.71181,33.402,3.7138
-1.0778,33.429,3.4162
-0.6761,34.262,3.6665
-32.161,2.0794,4.2147
15.62,-6.8894,5.5092
-17.584,21.326,3.6679
-16.404,20.862,3.6924
16.323,10.69,4.4292
16.737,11.478,4.6231
20.369,8.686,6.2005
21.316,8.6205,6.6156
20.88,9.7399,6.5685
-25.216,31.666,3.2619
-18.064,-30.359,11.28
-18.311,-30.552,11.18
-18.21,-30.75,11.52
-17.41,-30.068,11.483
-9.8852,47.387,2.5536
-6.3766,44.962,2.6599
-23.328,35.608,2.9821
-24.508,34.592,3.155
-18.028,-30.946,11.757
-18.548,-31.201,11.541
-18.169,-30.444,10.786
9.1182,-6.1982,5.0814
-26.571,32.445,3.3838
-26.945,34.53,3.3796
-29.093,34.695,3.2168
-15.02,-27.074,8.5586
-9.6392,27.912,3.5112
-21.572,30.898,3.1736
-20.171,31.476,3.1391
-21.654,34.254,3.0333
-12.936,-20.571,10.058
-12.727,-19.075,10.27
-9.6059,-25.368,1.0842
-20.074,-25.8,16.219
-20.023,-26.133,16.111
2.1647,25.42,10.88
2.2564,24.784,10.568
-1.9494,40.971,4.1669
-2.7776,44.592,3.926
15.956,19.797,4.6743
15.466,20.266,4.5302
-3.9905,43.737,3.3133
-20.285,-25.323,16.082
-20.244,-25.287,16.241
13.48,-0.24452,5.447
12.243,-0.52205,5.223
14.608,20.692,4.3598
3.4271,24.756,9.7392
3.2015,24.32,10.203
3.8167,25.377,8.9539
-35.398,17.535,3.6314
-5.1888,-14.277,5.1289
-5.587,-14.713,5.4194
-5.1827,-14.396,5.5799
-4.9831,-13.984,4.6323
-5.3516,-15.036,4.3427
4.7172,25.635,9.9946
4.7749,26.002,9.4654
5.0481,26.577,9.4737
-33.16,7.8029,4.0853
-31.974,9.1536,3.9761
-34.603,8.035,3.9976
3.57,22.012,3.8152
4.9016,22.095,3.7832
4.6125,23.22,4.1891
4.0985,23.146,4.2531
-32.775,10.526,3.8933
-2.9281,36.539,3.2299
-4.1721,36.61,3.1668
-20.971,51.716,2.4099
-22.603,49.303,2.501
-20.485,48.593,2.5182
4.2262,23.314,4.5479
3.7714,23.325,4.8167
-35.904,20.749,3.4669
-35.712,19.112,3.6184
-34.74,19.401,3.6235
3.0664,-9.4068,5.2442
2.9622,-10.493,5.229
-23.249,10.556,4.1299
-13.879,40.19,2.8504
-16.233,38.615,2.9301
2.3699,25.81,11.352
2.6216,25.337,11.254
2.8641,25.518,11.568
-27.645,6.3822,4.2643
-31.434,7.0618,4.114
-15.035,-7.0411,5.0607
-14.496,-5.9475,5.0721
11.492,12.382,8.8686
-32.024,13.983,3.7998
-20.841,22.547,3.6853
-20.705,0.010756,4.6775
-22.244,0.27168,4.643
-21.645,-0.91678,4.7281
14.985,-0.93436,5.4751
-21.661,8.5693,4.2963
-22.422,8.1505,4.3868
-21.592,7.503,4.4195
-12.404,-7.8009,4.9183
-12.438,-7.9067,4.6619
-11.91,-7.8131,4.8621
-20.825,7.6765,4.2639
-11.361,9.2437,4.2849
-4.6816,-3.9291,9.6469
-4.5274,-3.9678,9.2738
-4.2456,-3.71,10.274
-16.195,-28.229,10.975
-8.1782,-22.579,4.1879
-10.002,-15.259,9.0088
-11.218,-15.91,9.8307
-13.152,-17.977,11.194
-12.207,-17.253,10.452
-11.648,-16.655,10.155
-24.356,6.8249,4.2349
-23.247,9.3463,4.2696
-22.42,16.226,3.872
-23.77,16.977,3.7557
-23.367,15.11,3.8827
-11.073,-16.756,9.3531
-21.154,-3.3605,4.7754
-15.845,-26.573,10.329
-14.295,-21.506,11.126
0.41494,-8.9949,5.2015
-0.15217,-8.7179,5.205
-14.549,-21.615,11.47
4.4176,25.442,6.1456
-19.003,-33.395,7.0295
-19.406,-33.746,7.5067
-19.144,-32.99,8.7669
4.6982,26.444,6.088
5.1153,26.306,5.5734
3.4387,25.437,11.61
2.8888,25.148,11.221
2.1275,24.803,10.19
0.26289,25.569,4.0091
-6.0686,32.124,3.4247
-5.059,30.734,3.4612
-9.0237,20.932,3.732
-4.2479,27.776,3.4939
-4.8906,28.608,3.5442
6.6267,14.185,4.7628
6.4041,14.613,4.3469
5.8738,14.447,4.1577
-4.0874,23.612,3.7354
-2.1767,22.688,3.792
-1.4568,25.619,3.6843
-1.7605,41.733,4.6764
5.9217,13.989,4.4426
4.5475,13.49,4.2185
0.023827,27.707,3.7888
0.43181,27.306,4.2858
-9.732,28.718,3.5781
-9.1891,29.617,3.6096
-1.7529,27.27,3.6007
-3.8295,-5.5603,10.899
12.05,-8.0195,5.0569
13.046,-7.7551,5.0672
13.31,-8.1375,5.16
-4.2119,-5.3724,10.39
-4.1815,-5.6188,10.821
13.237,1.2377,5.456
8.7015,-3.4074,5.0065
9.5683,-5.1727,5.1097
9.7666,-3.8298,5.0732
-15.677,33.392,3.0995
-12.218,29.417,3.4355
-12.484,25.082,3.5857
-9.4781,26.378,3.6032
-11.276,17.579,3.9164
-13.281,34.468,3.1751
-21.127,37.046,2.9579
-15.431,31.919,3.2937
16.523,-0.57138,5.5861
-30.327,37.396,3.3138
-16.662,30.626,3.2315
-18.95,28.846,3.2945
-18.899,0.45883,4.6823
-18.516,-0.78475,4.7396
3.4969,-7.9626,-2.9927
4.2565,-7.1392,-3.821
-11.115,-7.7023,4.9467
-10.919,-7.7335,4.7154
-16.159,11.825,4.1084
-17.133,21.689,3.6001
-29.441,20.424,3.5958
-29.583,22.581,3.4432
-31.787,21.704,3.5298
-33.847,29.648,3.077
-20.82,10.153,4.348
-20.039,10.962,4.3815
-21.976,10.726,4.2307
-20.956,12.769,4.2313
-20.871,11.536,4.3902
-16.615,-0.47806,4.7971
-15.995,-0.36358,4.7729
3.9508,25.757,6.8208
3.0195,25.429,7.3577
-15.273,-1.4388,4.8546
-14.81,-2.7539,4.9076
-4.9598,6.5598,4.4887
-5.9483,6.7068,4.504
-29.384,11.44,3.922
-27.552,26.503,3.3191
-21.379,14.368,4.013
-20.224,15.764,3.9055
-22.059,7.2468,4.3887
-13.095,5.553,4.4145
-11.604,6.0961,4.4162
-6.4083,-18.685,3.6061
-7.6692,-18.488,5.1578
-7.3834,-0.59521,4.7568
-11.918,-6.3916,5.0301
-17.579,-0.86307,4.7914
-4.5476,-5.6756,7.7068
-13.715,-1.6734,4.7896
-12.214,-17.147,10.866
-24.134,13.379,4.0411
-27.073,12.458,3.8539
-3.1314,-4.9025,10.996
-22.669,12.108,4.1392
-17.576,1.5165,4.6112
-20.139,-24.225,16.421
-19.883,-24.305,16.185
-20.045,-24.386,16.129
-2.4924,-4.5088,11.373
-10.986,-25.684,3.1002
-10.383,-24.911,3.3096
-11.293,-15.688,10.311
-11.362,-15.874,10.229
-9.5555,-21.677,6.2036
-9.0604,-20.845,5.905
-10.635,-22.033,7.1052
-19.341,-27.095,14.334
-19.562,-27.236,14.579
-13.979,-30.086,1.7583
-12.893,-28.723,1.8944
-14.916,-30.51,3.1348
-14.615,-29.758,3.5599
-7.6393,-22.907,2.3862
-20.43,-24.535,16.625
-20.412,-24.577,16.504
-20.257,-24.702,16.572
-15.715,-30.126,5.6841
-16.026,-27.358,10.09
-12.94,-22.396,9.0048
-13.475,-23.848,8.992
13.539,15.554,4.1223
14.214,15.534,4.2114
3.4254,20.395,3.799
10.458,17.138,4.0466
11.442,17.143,4.0676
11.043,18.439,4.0102
5.3667,20.632,3.8267
3.9665,21.116,3.7341
2.3855,22.516,3.7876
2.6143,19.975,3.8704
0.8707,25.284,5.004
1.2498,26.523,5.6018
1.6395,25.811,5.8822
2.4593,24.665,6.0846
1.8133,26.157,6.3725
5.064,23.61,4.2589
-6.3575,24.633,3.6615
-6.9644,24.866,3.6198
-5.9097,-3.0345,6.4174
4.8522,-6.9472,-4.5729
0.20899,-9.8684,-0.20023
-3.6658,-5.2647,13.502
-3.7607,-5.4765,13.448
-2.7827,-5.4958,11.948
-2.9867,-5.6335,11.966
5.0329,-8.1192,5.1108
-4.2027,17.591,3.9784
-4.8054,-19.775,0.8276
-5.3925,-19.547,1.8411
-22.706,19.952,3.6071
-23.622,19.444,3.5905
-25.164,18.551,3.7385
17.523,7.5381,4.7872
-0.5111,7.4368,4.4975
-0.95188,7.5062,4.4878
-4.8964,-4.3819,8.653
-4.7755,-4.4488,9.3846
-4.3109,-5.1531,9.6497
-4.5487,-5.0978,9.7734
-11.821,-16.774,10.799
-11.632,-16.362,10.436
13.658,2.4311,5.4462
15.881,3.1549,5.6624
9.6727,-2.7291,4.9936
9.8109,12.533,8.7609
9.6527,12.907,8.5427
2.1498,23.592,4.7606
2.792,23.815,5.2315
3.4628,23.151,4.4101
-15.777,-28.569,12.598
-15.808,-28.819,12.245
7.9399,-6.1227,5.1021
-15.928,-28.486,12.19
-12.003,-22.427,8.1128
-4.2168,6.4901,4.4329
-4.2398,5.6592,4.5305
-3.3014,6.3482,4.5079
-9.2063,5.6702,4.4143
-9.545,7.2279,4.3463
-8.9856,6.7481,4.3479
-4.767,-5.5159,11.985
-4.0563,-3.3747,10.908
-4.4049,-3.5634,10.622
-3.8136,-3.0612,11.343
-13.119,0.014402,4.6247
-13.647,1.2846,4.574
-3.2375,-3.7032,12.442
-16.85,1.9848,4.6119
-16.422,1.4707,4.6166
-15.42,1.9298,4.572
-3.2041,-3.9697,10.978
-3.1091,-4.458,10.937
-4.2203,-7.3213,5.4145
-4.1979,-5.1213,9.2381
-8.7707,0.1189,4.7336
-10.617,-0.71914,4.7554
-10.009,-1.6231,4.8235
-8.6864,-7.9327,5.1007
-8.6446,-7.7823,5.1461
-9.0231,-7.7085,5.1379
-9.1392,-7.8207,5.0092
-5.3105,-7.3693,5.2188
-5.3992,-7.08,5.9017
-10.877,-6.9628,5.0487
-17.468,-5.8516,4.0277
-17.721,-5.6234,4.3305
-16.402,-6.8901,4.9544
-16.24,-7.4595,4.9094
-4.13,-5.4361,13.831
-4.1867,-5.2846,14.252
-8.374,-7.725,5.1214
-3.7616,-4.9791,14.24
-3.8267,-5.6847,13.394
-11.485,-20.371,8.4044
-11.807,-19.952,8.9756
-13.424,-20.247,11.771
-13.631,-20.693,11.711
-13.866,-20.015,11.334
-13.795,-20.014,11.096
-13.863,-20.325,11.263
-13.851,-20.58,10.971
-13.968,-20.65,11.207
-10.027,-20.933,6.81
-9.2938,-23.121,5.0879
-13.879,-19.477,11.764
-0.41283,10.74,4.2917
10.125,5.1147,4.7428
9.2458,5.6438,4.6208
4.2652,12.306,4.8184
5.9932,11.008,7.0938
5.2752,10.819,6.9066
-17.39,-30.824,11.974
5.0551,23.165,3.9892
-4.9134,-2.2731,6.0639
8.0484,16.141,4.0475
2.8112,15.848,4.0998
2.6687,14.918,4.1076
-5.0824,-2.1369,5.7419
-1.2772,20.084,3.9249
-5.1048,17.883,4.0052
2.9472,9.2325,4.5633
2.3123,9.5606,4.4125
0.0023904,16.906,4.0262
-0.1061,16.246,4.0388
-2.0608,16.092,3.9769
14.97,3.5973,5.4604
18.287,6.7095,5.1641
17.333,6.3243,4.8041
12.13,12.304,5.698
12.044,11.83,6.4228
12.046,12.02,6.1216
12.155,12.033,7.0575
8.8311,14.751,5.7301
8.103,14.463,5.5576
7.1081,0.87098,4.9259
7.0619,1.6009,4.841
6.2834,1.1871,4.8946
6.5845,0.099205,4.9237
8.7932,-5.523,5.1155
9.3057,14.531,6.4582
-3.4375,-3.1112,6.86
-6.1702,16.772,3.9119
-5.0717,-4.4827,13.203
-6.2574,-6.4249,5.9901
-6.2546,-6.5609,5.6813
-4.0106,-5.0663,9.7126
-3.8507,-4.8825,9.5245
-4.4787,-5.1313,8.8174
-4.9674,-4.9141,10.631
-4.7876,-5.1844,10.502
-4.8797,-5.2843,11.195
-8.1256,-8.0487,5.1049
-7.1871,-7.9572,5.1776
-4.3295,-1.4349,4.7828
-3.8661,-1.923,4.8616
-10.276,-4.1416,4.9575
-10.317,-3.5104,4.9037
-10.939,-3.8543,4.8925
-4.7954,-1.5929,4.8363
-10.489,-2.4311,4.8066
-11.019,-3.1661,4.8384
-9.3714,-3.4698,4.9057
-9.9976,-2.9067,4.8387
-3.5755,-3.991,7.6879
-3.5713,-3.7369,7.4311
-11.671,-7.6681,5.0414
-17.878,-27.83,14.397
-18.295,-27.599,14.129
-19.462,-24.371,15.606
-19.734,-24.356,15.844
-19.554,-24.309,15.932
-17.512,-24.416,13.619
-16.75,-23.881,13.043
-17.942,-27.102,13.32
-18.315,-27.109,13.549
-18.322,-26.841,13.446
-17.631,-31.775,6.9344
-19.032,-32.215,11.349
-18.829,-31.697,11.437
-19.232,-32.224,10.813
-17.231,-29.448,10.477
-16.781,-23.71,13.27
12.49,12.282,4.5509
12.224,12.277,4.8555
11.6,11.14,4.4855
12.112,12.176,5.3682
5.745,23.353,3.8975
6.44,24.1,3.8263
6.3938,24.615,3.9084
6.9615,25.087,3.822
7.2394,24.088,3.7722
11.172,11.525,5.4341
11.948,11.921,5.4614
11.84,11.756,6.0033
10.467,15.206,5.2588
6.661,18.002,3.975
3.2415,18.451,3.9759
3.7616,17.54,3.9872
2.7873,17.268,4.0393
4.3143,12.91,4.3932
-0.04739,18.607,3.9623
7.595,24.99,3.8123
7.3332,25.955,3.8245
8.4705,24.847,3.8447
8.7317,25.811,3.7784
3.9989,14.521,4.0228
13.42,3.8619,4.8629
13.417,4.2265,4.781
8.5411,11.223,5.0752
14.316,3.5307,5.3819
-0.18302,6.9704,4.5176
-0.22963,6.03,4.536
-4.3199,4.7754,4.5171
-6.744,-6.1543,5.4793
-5.0042,-5.0769,12.289
-4.9525,-5.2577,11.839
-3.9085,-3.0112,11.947
-5.098,-4.9085,11.394
5.0197,-7.0281,5.1317
5.6352,-7.1725,5.1243
-1.3831,-10.71,1.1842
-0.6547,-9.7161,0.47583
-6.2638,18.261,3.9697
-4.6294,-7.3533,5.2594
1.3719,-7.8706,-1.7798
0.5022,-8.0353,-1.6246
2.1339,-7.4467,-2.324
3.1662,-7.47,-2.7908
-16.513,14.942,3.9903
-3.6735,-4.6264,14.163
-3.7503,-4.0762,13.952
-4.9451,-4.8284,13.511
-4.9069,-5.1739,13.767
-4.8475,-5.4226,13.766
-3.9389,-4.1015,14.069
-11.44,2.0727,4.6103
-3.3632,-7.1417,5.2594
-3.025,-6.9537,5.407
-7.0547,-5.7102,5.4054
-7.2662,-5.1677,5.3629
-5.135,-4.6076,11.864
-5.1279,-4.6898,12.797
-6.2021,-5.3385,6.8368
-6.1319,-5.13,6.9344
-6.6655,-5.1749,6.3206
-7.4535,-5.0095,5.1831
-8.2102,-5.0642,5.026
-6.9602,-4.7813,5.9635
-7.0634,-5.0518,5.7919
-11.443,-1.2791,4.7619
-9.4574,-4.7046,4.989
-9.7862,-4.2473,4.9375
-10.258,-5.057,5.0301
-13.959,-18.499,11.746
-13.414,-18.213,11.31
-18.628,-26.796,13.67
-18.813,-27.028,13.9
-18.932,-26.613,14.008
-18.588,-26.597,13.652
-18.237,-24.347,14.345
-20.293,-24.856,16.218
-20.345,-24.756,16.388
-19.63,-25.092,16.552
10.798,11.327,5.9246
10.737,11.517,5.3923
9.9239,11.725,5.7712
11.091,11.299,6.0764
15.274,4.3184,5.1713
6.7904,9.9304,5.112
6.8475,10.122,5.448
6.7543,9.7618,5.3133
6.7683,9.3822,5.4277
12.021,7.1091,4.6037
16.181,5.4684,4.6734
6.8597,9.7415,5.5802
7.1478,9.9351,6.0144
7.1651,10.753,5.3373
7.0418,10.25,5.7081
6.9238,10.386,5.3106
10.946,10.676,4.4927
11.172,9.7924,4.3912
12.041,10.865,4.3951
15.333,5.5082,4.5243
10.868,2.055,5.049
7.5907,0.50376,4.9281
7.3168,-0.48826,4.884
8.0261,-0.44854,4.9577
8.2542,0.25518,4.9491
7.91,-0.80768,4.9151
8.2787,-1.0034,4.912
6.7821,-0.95519,4.8974
2.8725,11.277,4.4048
2.8595,10.586,4.632
3.6233,11.306,4.9644
3.5542,8.4661,4.4791
4.3719,11.294,5.6356
4.9378,9.8397,7.6743
0.20289,9.1643,4.4011
-2.703,-8.4207,5.1613
-2.209,-7.0305,5.1007
-3.073,-7.1951,5.0991
-3.5718,-3.6708,13.466
3.2127,-5.1906,5.0559
1.2878,-7.1359,5.1002
-3.46,-5.3764,12.176
-3.0368,-5.7765,11.436
2.6441,-10.669,-3.3187
-11.754,11.128,4.1352
-12.743,18.085,3.8361
-2.3611,-6.3626,5.9327
7.3732,11.102,4.9025
7.5045,11.054,5.3035
7.4777,10.737,5.7868
2.8019,10.103,4.679
7.0412,10.435,4.8574
7.1157,10.744,5.0464
4.5778,8.9411,7.7922
4.3471,9.0564,7.6913
-2.8496,-6.7585,6.1481
3.3579,8.9682,5.1682
-2.6558,-6.6835,5.9764
-3.86,-2.1536,5.0826
-2.8445,-6.8332,5.9785
-3.1969,-7.0171,6.0158
6.0337,-3.9213,5.0295
8.535,-0.28843,4.9377
9.7201,0.42663,4.9131
7.1328,10.146,4.5635
7.1611,10.556,4.6031
7.2107,10.879,4.675
3.1818,10.043,5.1805
6.8947,8.7767,6.8813
6.9404,8.8556,6.4985
6.8445,9.3481,7.1704
7.4385,10.245,6.2517
4.7865,7.9309,5.7988
4.1744,8.6201,4.9638
6.3125,10.817,7.3428
6.1148,3.0188,4.7599
6.8528,2.7269,4.7696
7.0843,3.5366,4.6551
-3.4349,2.9511,4.6598
-2.5892,2.5358,4.7262
-2.844,-6.88,5.145
-3.033,-7.0242,5.1783
-3.4167,-6.5561,6.4117
-3.6812,-6.5546,6.5262
-3.8169,-6.7688,6.4491
-3.56,-7.139,6.1144
-5.827,-5.4815,7.068
-5.414,-6.3266,6.6353
-5.4543,-6.2415,6.8173
-5.8164,-6.0198,6.6664
11.985,13.054,4.8728
-4.0146,-6.9675,6.3709
-4.4833,-2.8457,6.8857
-4.0901,-2.9118,6.8594
-4.5172,-5.4504,8.0066
-6.4352,-5.5156,6.4504
-6.1225,-5.6012,6.7732
-4.8879,-7.284,5.7348
-4.6457,-6.9389,6.3536
-5.0017,-7.0615,6.2511
9.5235,12.329,8.3753
7.343,10.041,6.7684
10.426,11.382,8.1183
10.395,11.16,7.6198
10.693,11.148,7.6596
10.18,11.627,8.4106
10.12,11.403,7.9414
10.44,11.944,8.8034
11.6,13.035,7.0386
11.5,11.559,8.7489
8.8972,11.209,6.6391
12.692,6.843,4.617
10.268,10.845,4.5218
9.4147,7.2431,4.5727
7.09,9.4127,4.4761
-4.9609,48.179,2.9269
-5.8774,46.364,2.6514
-5.7693,48.641,2.6418
21.622,-4.4433,6.4619
22.637,-5.178,6.9671
3.0185,-12.464,-5.0631
4.0491,-9.6304,-4.551
16.336,15.271,4.7202
17.337,0.19968,5.7867
20.462,-6.9631,6.8177
18.483,-6.6904,6.1539
20.443,1.6631,5.9917
18.851,0.85794,5.852
-11.197,-28.165,-0.35577
-19.508,-26.489,16.078
-19.064,-26.2,16.296
12.395,0.16633,5.298
11.343,-1.4489,5.0302
11.956,-1.4639,5.196
11.703,-0.88236,5.0723
-4.9979,38.699,3.1595
-2.8975,-2.079,4.8608
-2.8446,-2.4445,4.9044
10.823,12.275,9.1656
11.203,12.147,9.0758
-18.334,-26.161,13.582
11.613,12.683,8.5156
7.6097,10.551,6.9583
8.474,11.3,5.3921
5.4752,8.9628,4.5152
11.794,11.996,8.7325
11.567,11.86,8.8862
-2.9067,-2.4985,4.9944
11.262,11.737,8.9545
-23.56,-4.1458,4.6035
11.197,11.095,7.0038
-8.9242,52.793,2.2644
-19.675,-33.229,9.7725
-19.844,-33.394,10.173
-19.645,-33.396,9.1757
-20.022,-33.78,9.4112
19.853,-4.1412,5.8546
13.79,13.924,4.179
13.467,14.715,4.1498
6.1201,27.992,4.4077
8.7425,27.676,3.7796
14.879,14.799,4.2808
14.684,13.473,4.2012
9.2202,25.009,3.8109
15.58,16.127,4.4868
6.9746,28.27,3.9994
6.8561,27.38,3.7359
4.9007,-12.961,-8.6951
4.7869,-12.544,-8.9675
-15.917,-23.719,11.997
0.89501,-13.091,-2.5624
-5.4287,-7.6761,5.1671
3.6295,-8.4302,5.1268
4.3554,-7.6126,5.1407
17.133,7.4823,4.6639
-12.017,-16.909,10.53
-17.238,-5.7886,4.812
-17.17,-6.2099,4.7468
-16.159,-7.5352,4.8081
-9.6664,-16.405,7.9848
-8.7365,-17.979,6.3914
-14.963,-8.2254,4.775
-13.688,-18.27,11.652
-13.667,-18.505,11.342
-13.094,-18.191,10.888
-17.187,-6.324,4.6237
-12.368,-29.969,-1.1832
-12.927,-29.938,0.031491
-12.943,-30.756,-1.6555
-13.524,-30.741,-0.34665
-14.186,-31.127,0.36933
10.388,1.2846,5.021
8.1848,15.291,4.7049
11.495,-0.026076,4.9954
11.91,0.094838,5.098
-5.1052,-4.5894,10.972
-5.0415,-4.632,10.565
9.1963,3.7977,4.7998
9.3509,3.156,4.8651
11.877,0.5267,5.1539
11.2,-0.55759,4.9608
10.928,-1.3706,5.0122
-12.428,-1.2943,4.7411
-11.953,-2.3079,4.7967
-13.48,-21.038,12.014
-13.86,-21.883,12.769
-6.5404,-3.2355,6.0232
-15.775,-24.835,11.191
-18.595,-27.295,13.965
11.109,3.2381,4.9703
12.552,2.961,5.1029
8.3837,11.319,5.831
12.555,3.3499,4.9226
8.7279,10.957,4.63
-5.6833,-5.2954,7.2132
-5.4433,-5.0321,7.5036
12.501,1.6173,5.3219
11.136,0.68622,5.0577
-12.964,-1.9028,4.8412
-15.466,-28.749,13.328
-17.956,-27.612,13.787
-16.635,-27.528,12.337
-16.706,-27.183,11.851
-17.888,-24.127,14.633
-17.679,-24.12,14.065
-17.55,-24.033,14.354
-12.939,51.705,2.3775
-1.6743,36.628,3.248
-1.8955,38.347,3.4908
-21.346,53.732,2.3875
4.2989,25.244,9.749
4.3136,25.527,9.4459
1.2988,26.342,10.251
2.8481,25.36,8.8793
-5.4141,-14.723,4.8392
-6.1102,-15.276,5.3274
4.7337,25.542,10.443
-6.9066,-18.111,4.4487
-6.1194,-16.115,4.6715
-17.453,-5.9265,4.415
-10.422,-7.5788,4.5901
-14.227,-28.497,5.0588
-14.882,-29.092,5.4481
-17.76,-5.1766,4.6706
-18.619,-4.6604,4.6012
-12.646,-18.197,10.398
-16.266,-27.397,10.673
-5.8431,-14.892,5.9732
10.911,21.884,3.8936
4.4855,25.497,10.792
4.7882,25.884,10.658
5.1744,27.111,5.6935
4.9425,27.071,6.2429
11.136,-4.9836,5.1864
4.5916,25.911,9.0997
-6.4152,37.516,3.1651
-4.9952,37.784,3.2438
1.2097,27.39,6.9279
-29.528,36.661,3.2088
-8.6664,-7.8688,4.5371
-9.1676,-7.8282,4.8286
-9.312,-7.711,4.5914
-8.7787,-7.9483,4.9896
3.0456,-13.998,-5.909
2.2028,-15.709,-5.2216
-15.165,-0.67803,4.7769
4.0619,26.205,7.1874
4.4384,26.403,6.6469
-5.0364,-9.8906,4.8416
-4.6013,-10.448,4.8841
-20.156,-26.868,15.321
-8.0159,-15.6,7.1756
-15.251,-29.55,13.909
1.7349,-13.648,5.8073
13.491,40.832,3.4599
-10.294,-29.206,-3.965
-9.7408,-28.493,-3.8508
4.2511,-6.7966,-4.1288
21.988,15.379,7.4556
22.037,12.294,7.1549
-16.944,-27.191,12.255
9.1815,4.6352,4.6848
14.557,4.0772,5.2378
15.319,4.0895,5.2963
11.282,11.513,4.8581
10.927,11.342,4.7859
12.87,11.538,4.3692
-5.1207,-4.7396,7.9879
-5.3667,-4.4436,7.5563
-3.4623,-8.7946,5.2006
-5.047,-4.2774,8.1222
-5.2163,-3.81,7.5594
11.736,9.8516,4.4187
10.478,11.522,5.0493
-5.7295,50.236,2.706
-4.9183,48.839,3.0431
9.1705,10.599,4.4162
-37.878,31.427,3.2798
-35.762,33.717,3.0629
-11.548,-16.282,10.528
-27.115,31.852,3.2575
-6.9207,-9.0107,4.9377
-6.8558,-9.0274,4.7636
-19.132,-27.28,15.384
-19.383,-27,15.685
-19.949,-27.003,15.486
-6.7808,-9.0032,5.0461
10.214,-5.7544,5.1339
9.8137,-6.0657,5.0736
-13.958,-23.811,15.038
-14.811,-31.727,0.44045
-14.756,-31.188,1.3507
8.1088,12.433,7.2701
21.193,13.3,6.9446
20.361,12.241,6.4802
3.7192,-12.547,-9.6298
4.3213,-12.427,-9.2774
3.983,-11.786,-8.8661
14.802,-8.9323,5.8358
19.801,20.883,6.6243
20.692,20.313,7.1279
4.9629,26.68,10.25
1.0873,28.62,10.332
-13.139,-23.821,14.985
-6.44,-9.0923,5.025
-13.839,-23.28,14.684
-5.0053,-9.5781,5.0294
-5.3873,-9.2256,5.0646
16.385,21.328,4.8617
-17.263,-25.454,16.316
-17.295,-25.682,16.38
-8.2571,-7.6649,3.6367
22.024,16.453,7.5758
21.656,16.71,7.5001
21.528,19.609,7.5039
20.121,19.072,6.9443
19.69,18.26,6.7117
20.457,18.53,7.1346
21.002,19,7.3663
21.239,14.977,7.1754
-11.696,-20.25,12.03
-18.565,-27.326,15.543
-32.051,22.97,3.3717
-17.228,35.601,3.0599
-34.394,23.295,3.4145
-11.927,48.526,2.5484
-1.0678,32.629,3.3048
9.0594,-13.387,6.556
8.6051,-14.384,7.0739
-16.376,-26.953,11.066
-16.123,-26.96,10.546
0.11821,29.998,3.8086
-5.2883,-17.85,2.5465
-37.133,18.589,3.54
-13.354,-4.1183,4.9773
-10.856,-20.289,7.756
-19.38,-27.342,14.533
-19.158,-27.429,14.522
-17.116,-30.282,8.3299
3.9554,-6.9765,-3.632
-12.151,10.109,4.205
-8.821,-3.3597,4.9296
-17.67,-31.877,12
7.635,15.722,4.1357
-14.03,-21.371,11.851
10.462,-4.298,5.1095
-5.0884,-5.4618,7.6577
-5.1923,-5.1683,7.7756
13.045,7.1638,4.5402
-2.6057,39.974,3.6026
9.0004,12.379,7.9003
9.3675,12.715,8.2864
17.101,12.914,4.8702
11.94,2.3263,5.186
-18.225,42.049,2.8386
12.804,9.4683,4.3802
14.45,31.008,3.9901
-28.061,29.384,3.2879
-5.2646,-14.725,5.989
6.8494,30.257,4.9968
-22.042,46.36,2.6344
21.134,17.615,7.3716
21.721,18.68,7.6094
4.3444,25.736,11.14
4.0893,25.573,11.456
4.1545,25.375,11.241
8.5334,30.969,3.7875
8.0849,29.264,3.9674
13.739,33.861,3.7277
7.7437,28.584,3.9628
-15.31,-28.862,13.026
-15.416,-28.866,12.727
4.236,-12.254,5.4134
14.453,16.546,4.2087
9.9126,23.629,3.9291
9.494,24.378,3.891
-4.5876,-5.8852,11.263
-4.6242,-5.5996,11.007
14.422,17.657,4.1648
14.049,18.693,4.1138
-19.441,33.009,3.1092
-18.983,34.812,3.0577
4.6127,-11.922,-7.8668
-12.524,36.982,3.1008
-36.414,12.219,3.7499
1.4745,26.701,8.2559
-20.737,26.543,3.4146
16.886,-9.4271,6.6073
21.219,-0.87742,5.7688
-14.714,47.436,2.5957
15.328,12.865,4.2842
15.846,11.636,4.3544
-8.2392,-26.356,-3.1043
-18.499,-30.928,11.365
-18.796,-31.447,11.292
-25.992,34.477,3.3542
-16.08,-24.683,11.953
-16.045,-24.959,11.701
-25.37,17.445,3.716
-16.248,-24.53,12.265
-15.844,-24.06,11.805
-4.0827,-5.2063,10.091
-28.213,1.264,4.51
-15.936,-24.732,11.555
-18.066,-31.351,8.9774
14.981,9.308,4.4031
2.7054,24.878,9.6754
-28.421,4.1171,4.3854
-30.433,5.4848,4.2882
-20.534,-1.9851,4.7538
-21.555,-3.835,4.7438
-18.042,-5.2376,4.4342
-18.28,-2.3967,4.718
-18.938,-1.884,4.7555
-1.4426,37.777,3.5081
4.3146,26.479,11.24
4.0458,26.07,11.537
1.6771,25.785,10.504
-0.76454,20.863,3.8506
-10.874,14.749,3.97
0.076767,30.629,3.827
-13.466,21.7,3.7001
-3.7608,25.675,3.6574
-25.431,36.01,3.2122
-24.253,35.84,3.0197
-28.705,21.584,3.4715
-27.381,36.061,3.3356
-11.184,41.029,2.9143
-12.803,40.533,2.9611
14.489,5.3748,4.5255
-24.463,36.476,3.052
-27.063,3.5217,4.4693
-27.583,4.8276,4.4262
-17.808,7.6045,4.2405
-1.2181,-9.3129,5.2218
2.1003,26.626,11.294
16.17,4.5399,5.1585
-4.9501,-5.2446,13.448
-31.401,8.258,4.1023
-4.8662,-5.4834,12.981
16.145,3.939,5.4427
-19.855,-0.78415,4.7269
-23.293,39.207,2.8533
-15.667,-7.6598,4.5579
-15.786,-1.3869,4.7858
-16.176,-0.98474,4.741
-13.974,-8.2032,4.7143
-11.543,-7.8368,4.7468
14.604,10.97,4.3378
-14.856,0.26714,4.5953
-4.7463,-4.1224,9.2776
-4.7424,-4.0793,8.8594
-20.047,13.067,4.1227
-4.3345,-5.2985,8.4303
-15.327,-30.135,12.63
-15.956,-25.479,11.172
-16.279,-29.141,11.669
-13.728,-25.57,8.2177
-16.474,-25.529,11.999
-16.2,-25.778,11.437
-8.1729,-22.769,3.8353
-3.7435,-4.7012,9.8631
-3.5617,-4.575,10.218
4.1696,16.867,3.9655
-12.505,-17.394,10.816
-11.853,-28.027,1.1042
-22.67,-4.6202,4.1292
-14.797,-21.783,11.839
-30.916,12.532,3.8392
13.455,20.268,4.1855
2.5539,26.132,11.543
7.4235,22.338,3.8293
6.4134,22.879,3.8076
11.245,20.011,3.9809
9.5721,13.448,8.0636
3.902,25.385,6.5668
4.1409,25.208,6.3349
-3.135,28.503,3.5468
0.48285,29.368,5.8198
4.9475,15.201,4.002
6.0877,14.965,4.1063
-0.1134,28.46,3.6663
7.5091,2.9097,4.6885
6.758,2.1425,4.8103
-7.5169,17.335,3.9057
-6.6444,17.221,3.9413
-3.3403,-5.5552,11.169
-3.7608,-6.1854,11.73
-3.6203,-5.2616,10.741
-12.626,30.734,3.3312
-3.7886,26.765,3.5361
-5.0697,26.32,3.5807
-4.734,26.796,3.4887
-10.508,14.391,4.0318
-0.38416,-8.1908,-1.6134
-1.2813,-8.5242,-1.3309
-9.7321,-7.6307,4.7154
-3.9675,-7.3406,5.1681
-15.326,20.576,3.7064
-19.581,22.981,3.6452
-18.505,22.114,3.5866
-17.273,17.14,3.8699
-20.302,9.3159,4.2795
-29.844,18.874,3.6182
-19.027,8.5077,4.2559
-26.995,21.008,3.6444
-19.216,11.66,4.2362
-11.076,7.0899,4.3189
-4.8277,-10.621,3.994
-14.372,-4.5556,5.0056
-11.336,-16.006,10.456
-2.4951,-4.2032,11.678
-24.638,15.507,3.8621
-3.4122,-3.2943,11.268
-7.5355,-3.4388,5.1725
-11.919,-20.529,8.7999
-12.382,-20.89,9.2532
-19.079,-27.277,14.298
-18.729,-27.486,14.362
-20.62,-24.364,16.769
-17.603,-31.052,8.2329
-15.984,-23.07,12.562
-6.4874,-23.014,-0.15303
-6.6962,-22.727,0.9065
-11.676,-25.552,4.6849
13.884,17.821,4.0731
1.8959,24.754,5.8205
2.7575,24.788,6.2667
2.0659,23.202,3.9106
10.519,14.892,6.1958
-3.6408,-3.5182,13.206
-3.3947,-5.3464,13.522
15.476,11.436,4.318
-7.7029,18.602,3.9003
-8.1368,21.113,3.7808
-18.999,16.277,3.8535
-18.404,16.027,3.9026
-4.9665,4.452,4.5861
-10.601,17.058,3.9989
-9.7302,15.769,4.0954
-9.0763,16.193,4.0089
-9.9137,17.149,3.9514
-14.021,17.796,3.8781
-19.578,13.338,4.0302
-4.6234,-4.8922,9.4652
-4.793,-4.721,9.8255
-11.139,14.415,3.9788
-4.2035,-5.8912,13.016
-2.7692,4.5986,4.5733
12.795,14.294,4.1749
13.893,12.893,4.1815
13.505,11.567,4.2995
2.4686,9.7536,4.4356
-15.109,-30.48,13.294
-12.048,-21.362,8.5761
-12.817,-21.398,9.4858
-16.91,-26.98,11.997
-13.841,-19.704,11.29
-9.6643,6.3971,4.4293
18.499,2.2356,5.999
-4.0025,3.4402,4.5465
-3.2276,-5.193,12.107
-4.6252,-3.7013,10.298
-10.336,0.93949,4.6731
-12.683,2.3957,4.5477
-4.4198,-7.3384,5.3186
-2.945,-5.3936,11.305
-8.382,-8.0068,4.949
-10.441,-7.3256,4.9515
-10.468,-7.5001,4.8277
-14.803,-7.7189,5.0969
-4.239,-5.6432,13.87
-5.2173,-7.095,6.1041
-3.7153,-5.0416,13.727
-5.6522,-7.397,5.1557
-20.049,-26.315,15.34
-13.246,-20.563,11.926
-13.94,-19.406,11.412
8.2521,2.7373,4.7853
8.748,3.927,4.728
7.9611,3.3991,4.6905
17.516,6.7662,4.7902
4.6906,10.123,7.133
-19.444,-33.916,7.1206
-14.844,-29.654,4.4325
-17.541,-30.036,9.9689
-17.286,-30.136,9.0088
-17.671,-30.744,9.0181
-19.79,-34.017,8.0498
10.167,15.744,4.5491
11.185,14.017,5.9457
0.87374,16.015,4.0512
10.232,13.52,8.5256
5.48,24.414,4.414
6.0019,24.817,4.0675
5.948,21.017,3.8116
7.8124,1.9751,4.7603
2.9969,8.5999,4.4658
9.3864,8.4322,4.5037
9.0637,9.7293,4.4612
12.143,6.2316,4.64
19.245,5.7302,5.7153
10.808,-2.21,5.0314
-2.6796,5.7684,4.466
-14.516,15.722,3.9549
-8.1108,-1.9444,4.8457
-5.1085,5.6684,4.5335
-12.068,1.2863,4.5832
-8.078,-7.8957,5.1456
-5.1104,-4.6343,13.031
-4.9127,-4.9378,8.2683
-5.8925,-3.8158,6.7791
-5.5214,-3.9147,7.1788
-5.3377,-3.3148,7.0467
-3.1426,-6.1879,6.6168
-4.9838,-5.1229,13.016
-6.516,-6.2007,5.9229
-6.8021,-5.8954,5.7589
-4.2051,-5.8682,13.392
-3.1501,-4.9876,13.673
-5.1313,-6.7753,6.3498
-4.8279,-6.6688,6.4235
-5.5076,-6.8224,6.2636
-11.851,-5.5767,4.9624
-7.1245,-2.4528,5.113
-2.2966,-3.0933,5.6058
-14.331,-8.2057,4.9691
-14.192,-7.7684,5.1105
-4.7698,-6.4464,6.7635
-13.537,-19.351,10.974
-17.196,-24.057,13.547
-19.788,-24.31,15.994
-17.762,-27.486,13.462
-18.998,-31.808,11.068
-18.984,-32.513,11.383
-16.882,-29.473,11.303
3.537,11.94,4.5412
12.121,12.472,5.4295
11.05,11.513,5.1067
11.528,11.54,5.9313
6.2787,8.8876,7.7223
13.333,4.5554,4.7397
13.198,5.28,4.6788
10.931,13.637,8.629
12.438,10.304,4.3505
-1.0511,16.616,3.9702
14.602,4.8207,4.7579
-2.1697,6.3915,4.5182
5.0379,8.9519,7.6951
-2.6787,6.449,4.488
6.0962,2.078,4.8608
7.6513,4.7946,4.6829
8.0931,4.2279,4.6982
-3.0136,-3.6496,11.28
-3.1864,-3.8311,12.083
-3.2023,-3.8295,12.277
0.82814,4.8184,4.6162
-3.812,-5.6718,12.68
-3.0735,-4.0721,12.074
-4.4178,-6.7584,6.4466
-4.0466,-5.8036,12.791
-2.714,5.116,4.4981
-5.9987,5.9868,4.518
-3.44,2.2527,4.6714
-10.975,0.44365,4.6926
-3.7881,-4.6188,9.3773
-3.7875,-4.7399,9.4093
3.906,7.9429,6.5807
-4.0739,-4.1656,8.994
-3.9128,-4.3262,8.9889
-3.8269,-4.3348,8.6256
-3.5922,-4.3112,8.0743
-5.9065,-4.5286,7.0002
-6.4149,-3.9933,6.4217
-8.147,-3.9987,4.955
-5.9181,-3.3997,6.6154
10.989,11.975,9.0811
-19.674,-24.357,16.267
-14.236,-25.034,9.37
-14.91,-25.426,9.9456
-14.991,-24.471,10.51
-15.683,-25.494,10.763
-19.082,-26.89,14.083
-17.768,-25.674,13.313
10.184,11.284,6.6568
9.844,11.425,6.4143
10.455,21.39,3.8905
11.463,11.287,6.4621
11.307,11.146,6.7022
6.7986,9.8592,7.3879
8.4615,12.327,7.5077
10.366,-5.3682,5.1681
-0.97099,13.622,4.26
8.7732,4.3968,4.653
5.7616,8.5138,6.5506
-0.51242,13.289,4.2343
-1.3897,8.8001,4.404
-3.3272,-3.6349,12.218
-3.5148,-5.1497,13.636
-3.0343,-5.0377,7.2007
9.282,-0.26449,4.9008
8.181,-5.0996,5.0814
8.0549,-4.002,5.0393
-4.3699,-10.911,3.5112
-2.4484,-4.818,11.744
1.9716,-2.0235,4.9183
-1.7564,-4.0616,5.0909
-2.2486,-6.245,5.5537
6.9437,5.863,4.6483
6.169,10.424,7.6396
5.8979,10.332,7.8159
6.6546,9.3909,7.5632
5.2757,8.0738,6.3638
-2.5135,-5.8378,6.3678
5.0249,7.9498,5.9833
5.7771,0.56578,4.8714
-2.2343,0.82421,4.7432
12.207,11.682,7.447
4.6587,7.8225,6.1707
6.7964,8.5294,7.0922
7.5217,10.242,6.5549
7.7096,10.956,5.6441
3.8575,8.284,5.4533
-2.412,-5.4199,6.3955
6.6811,10.694,7.389
-3.3404,-6.946,6.2439
-3.7119,-7.0115,6.3186
-1.7811,-6.5012,5.0404
-1.9006,-6.209,5.0028
-6.1827,-4.8715,6.8873
-5.722,-4.9887,7.2313
-5.0809,-5.8851,7.2782
-18.363,-25.24,14.06
11.197,12.584,9.014
10.562,11.592,8.4555
10.69,11.115,4.6601
8.14,11.126,7.1494
-9.7851,-27.921,-2.6824
22.415,1.5345,6.212
10.44,-8.9281,5.1863
11.724,-2.0738,5.1201
-18.269,-24.226,14.816
-4.9523,42.421,2.9798
-18.302,-26.861,15.988
-18.232,-26.38,16.245
-18.27,-25.447,16.479
-6.5485,36,3.2097
-2.648,-2.382,4.8832
-1.8678,-4.1615,5.9954
11.62,11.104,7.218
11.783,11.273,6.9435
11.183,11.327,8.3295
8.7579,11.498,5.7574
9.2502,11.708,5.7416
10.909,11.026,7.2489
9.141,11.652,5.512
-1.973,-3.6434,5.8599
11.733,11.424,8.4667
12.135,12.103,7.3701
10.406,11.378,6.1329
20.298,-2.4887,5.7289
7.7464,27.562,3.7328
2.092,-18.889,-7.009
10.558,23.198,3.9227
-5.8509,-21.176,1.4155
6.5491,-8.2134,5.0928
12.515,13.502,4.2745
-7.84,-23.708,1.2094
14.496,12.4,4.2319
-10.738,-29.122,-3.005
-15.719,-32.131,1.5234
20.013,3.4181,6.2374
-16.516,-23.467,13.812
10.151,2.8083,4.9364
8.2252,11.084,4.5672
2.1394,-7.212,-3.5778
-19.335,-24.726,16.442
-16.091,-23.156,13.286
-17.626,-24.134,14.748
-20.108,-25.297,16.373
-19.981,-25.573,16.36
-7.5605,-15.814,6.404
-0.96029,37.772,3.7977
-6.1084,-15.018,5.8328
1.3071,26.299,9.9531
2.8127,-20.776,-10.035
-0.92503,37.954,4.3275
-1.4109,38.681,3.9532
-16.744,-6.4395,4.1015
-7.3765,-16.788,5.5943
-3.6114,-19.193,-0.53985
-4.8271,-13.466,5.0265
2.8737,25.922,11.648
-4.4511,-11.46,3.7968
-0.50967,35.421,3.9831
-8.8808,-7.1108,1.9839
-0.76917,-8.6085,-0.69679
-8.7876,-7.9152,4.7738
-11.365,-21.567,7.9535
-19.175,-26.751,15.981
-19.744,-27.171,14.842
-17.473,-26.967,15.939
-18.235,-25.197,16.387
22.12,3.0397,6.2842
-15.325,-23.256,14.352
-16.257,-23.556,14.293
-16.029,-23.2,13.737
-16.12,-28.952,14.548
-33.648,34.494,3.1047
1.9834,-21.531,-9.203
1.8544,-20.807,-8.1971
2.8835,-20.046,-9.2739
2.4586,-19.874,-8.2966
-13.996,-6.1416,2.2603
10.385,0.92924,5.0202
-16.965,-27.512,12.697
-1.5596,-7.2414,5.1015
-2.4084,-8.9218,-0.32419
-4.4636,-12.709,5.0883
-19.687,-26.803,15.798
-19.765,-26.439,16.028
12.365,-12.66,6.9265
4.9837,26.576,8.6457
-5.8662,-9.186,4.9985
9.8714,0.81178,4.9258
-1.1074,39.332,5.4693
-1.3776,39.799,4.6743
-1.0032,38.771,5.3028
4.7005,27.327,10.69
-18.522,-25.871,16.446
-18.299,-4.8088,2.5731
-18.386,-27.172,15.754
20.064,16.819,6.7836
20.788,15.407,7.0201
22.286,18.173,7.7412
-12.864,-5.5196,0.72887
-12.488,-5.3606,-0.024026
3.8276,-8.5894,-3.5876
-6.3668,-21.989,1.3893
-10.695,24.416,3.6479
-13.004,-25.339,7.5178
4.8992,25.888,10.381
-12.009,-30.009,-2.1272
1.1054,25.877,5.3679
2.5893,23.308,4.5596
-6.6098,-4.7551,6.3917
12.853,5.6679,4.6792
12.712,40.767,3.4222
7.3148,10.483,5.8879
9.1398,0.61976,4.9235
6.9995,-3.9551,5.0199
10.12,12.087,8.8063
0.68023,-21.732,-7.4245
-20.27,-26.595,15.642
4.4889,26.171,11.083
14.803,-10.914,6.6503
