0,1,2
2,3,0
3,2,4
4,5,3
5,4,6
6,7,5
1,8,9
9,2,1
2,9,10
10,4,2
4,10,11
11,6,4
8,12,13
13,9,8
9,13,14
14,10,9
10,14,15
15,11,10
12,16,17
17,13,12
13,17,18
18,14,13
14,18,19
19,15,14
16,20,21
21,17,16
17,21,22
22,18,17
18,22,23
23,19,18
20,24,25
25,21,20
21,25,26
26,22,21
22,26,27
27,23,22
24,28,29
29,25,24
25,29,30
30,26,25
26,30,31
31,27,26
28,32,33
33,29,28
29,33,34
34,30,29
30,34,35
35,31,30
32,36,37
37,33,32
33,37,38
38,34,33
34,38,39
39,35,34
36,40,41
41,37,36
37,41,42
42,38,37
38,42,43
43,39,38
40,44,45
45,41,40
41,45,46
46,42,41
42,46,47
47,43,42
44,0,3
3,45,44
45,3,5
5,46,45
46,5,7
7,47,46
7,6,48
48,49,7
49,48,50
50,51,49
51,50,52
52,53,51
6,11,54
54,48,6
48,54,55
55,50,48
50,55,56
56,52,50
11,15,57
57,54,11
54,57,58
58,55,54
55,58,59
59,56,55
15,19,60
60,57,15
57,60,61
61,58,57
58,61,62
62,59,58
19,23,63
63,60,19
60,63,64
64,61,60
61,64,65
65,62,61
23,27,66
66,63,23
63,66,67
67,64,63
64,67,68
68,65,64
27,31,69
69,66,27
66,69,70
70,67,66
67,70,71
71,68,67
31,35,72
72,69,31
69,72,73
73,70,69
70,73,74
74,71,70
35,39,75
75,72,35
72,75,76
76,73,72
73,76,77
77,74,73
39,43,78
78,75,39
75,78,79
79,76,75
76,79,80
80,77,76
43,47,81
81,78,43
78,81,82
82,79,78
79,82,83
83,80,79
47,7,49
49,81,47
81,49,51
51,82,81
82,51,53
53,83,82
53,52,84
84,85,53
85,84,86
86,87,85
87,86,88
88,89,87
52,56,90
90,84,52
84,90,91
91,86,84
86,91,92
92,88,86
56,59,93
93,90,56
90,93,94
94,91,90
91,94,95
95,92,91
59,62,96
96,93,59
93,96,97
97,94,93
94,97,98
98,95,94
62,65,99
99,96,62
96,99,100
100,97,96
97,100,101
101,98,97
65,68,102
102,99,65
99,102,103
103,100,99
100,103,104
104,101,100
68,71,105
105,102,68
102,105,106
106,103,102
103,106,107
107,104,103
71,74,108
108,105,71
105,108,109
109,106,105
106,109,110
110,107,106
74,77,111
111,108,74
108,111,112
112,109,108
109,112,113
113,110,109
77,80,114
114,111,77
111,114,115
115,112,111
112,115,116
116,113,112
80,83,117
117,114,80
114,117,118
118,115,114
115,118,119
119,116,115
83,53,85
85,117,83
117,85,87
87,118,117
118,87,89
89,119,118
89,88,120
120,121,89
121,120,122
122,123,121
123,122,124
124,124,123
88,92,125
125,120,88
120,125,126
126,122,120
122,126,124
124,124,122
92,95,127
127,125,92
125,127,128
128,126,125
126,128,124
124,124,126
95,98,129
129,127,95
127,129,130
130,128,127
128,130,124
124,124,128
98,101,131
131,129,98
129,131,132
132,130,129
130,132,124
124,124,130
101,104,133
133,131,101
131,133,134
134,132,131
132,134,124
124,124,132
104,107,135
135,133,104
133,135,136
136,134,133
134,136,124
124,124,134
107,110,137
137,135,107
135,137,138
138,136,135
136,138,124
124,124,136
110,113,139
139,137,110
137,139,140
140,138,137
138,140,124
124,124,138
113,116,141
141,139,113
139,141,142
142,140,139
140,142,124
124,124,140
116,119,143
143,141,116
141,143,144
144,142,141
142,144,124
124,124,142
119,89,121
121,143,119
143,121,123
123,144,143
144,123,124
124,124,144
145,146,147
147,148,145
148,147,149
149,150,148
150,149,151
151,152,150
146,153,154
154,147,146
147,154,155
155,149,147
149,155,156
156,151,149
153,157,158
158,154,153
154,158,159
159,155,154
155,159,160
160,156,155
157,161,162
162,158,157
158,162,163
163,159,158
159,163,164
164,160,159
161,165,166
166,162,161
162,166,167
167,163,162
163,167,168
168,164,163
165,145,148
148,166,165
166,148,150
150,167,166
167,150,152
152,168,167
152,151,169
169,170,152
170,169,171
171,172,170
172,171,173
173,68,172
151,156,174
174,169,151
169,174,175
175,171,169
171,175,176
176,173,171
156,160,177
177,174,156
174,177,178
178,175,174
175,178,179
179,176,175
160,164,180
180,177,160
177,180,181
181,178,177
178,181,182
182,179,178
164,168,183
183,180,164
180,183,184
184,181,180
181,184,185
185,182,181
168,152,170
170,183,168
183,170,172
172,184,183
184,172,68
68,185,184
186,187,188
188,189,186
189,188,190
190,191,189
191,190,192
192,193,191
187,194,195
195,188,187
188,195,196
196,190,188
190,196,197
197,192,190
194,198,199
199,195,194
195,199,200
200,196,195
196,200,201
201,197,196
198,202,203
203,199,198
199,203,204
204,200,199
200,204,205
205,201,200
202,206,207
207,203,202
203,207,208
208,204,203
204,208,209
209,205,204
206,186,189
189,207,206
207,189,191
191,208,207
208,191,193
193,209,208
193,192,210
210,211,193
211,210,212
212,213,211
213,212,214
214,215,213
192,197,216
216,210,192
210,216,217
217,212,210
212,217,218
218,214,212
197,201,219
219,216,197
216,219,220
220,217,216
217,220,221
221,218,217
201,205,222
222,219,201
219,222,223
223,220,219
220,223,224
224,221,220
205,209,225
225,222,205
222,225,226
226,223,222
223,226,227
227,224,223
209,193,211
211,225,209
225,211,213
213,226,225
226,213,215
215,227,226
228,228,229
229,230,228
230,229,231
231,232,230
232,231,233
233,234,232
228,228,235
235,229,228
229,235,236
236,231,229
231,236,237
237,233,231
228,228,238
238,235,228
235,238,239
239,236,235
236,239,240
240,237,236
228,228,241
241,238,228
238,241,242
242,239,238
239,242,243
243,240,239
228,228,244
244,241,228
241,244,245
245,242,241
242,245,246
246,243,242
228,228,247
247,244,228
244,247,248
248,245,244
245,248,249
249,246,245
228,228,250
250,247,228
247,250,251
251,248,247
248,251,252
252,249,248
228,228,253
253,250,228
250,253,254
254,251,250
251,254,255
255,252,251
228,228,256
256,253,228
253,256,257
257,254,253
254,257,258
258,255,254
228,228,259
259,256,228
256,259,260
260,257,256
257,260,261
261,258,257
228,228,262
262,259,228
259,262,263
263,260,259
260,263,264
264,261,260
228,228,230
230,262,228
262,230,232
232,263,262
263,232,234
234,264,263
234,233,265
265,266,234
266,265,267
267,268,266
268,267,269
269,270,268
233,237,271
271,265,233
265,271,272
272,267,265
267,272,273
273,269,267
237,240,274
274,271,237
271,274,275
275,272,271
272,275,276
276,273,272
240,243,277
277,274,240
274,277,278
278,275,274
275,278,279
279,276,275
243,246,280
280,277,243
277,280,281
281,278,277
278,281,282
282,279,278
246,249,283
283,280,246
280,283,284
284,281,280
281,284,285
285,282,281
249,252,286
286,283,249
283,286,287
287,284,283
284,287,288
288,285,284
252,255,289
289,286,252
286,289,290
290,287,286
287,290,291
291,288,287
255,258,292
292,289,255
289,292,293
293,290,289
290,293,294
294,291,290
258,261,295
295,292,258
292,295,296
296,293,292
293,296,297
297,294,293
261,264,298
298,295,261
295,298,299
299,296,295
296,299,300
300,297,296
264,234,266
266,298,264
298,266,268
268,299,298
299,268,270
270,300,299
